16 10 10 10	275971	275877	80622.5	20551.1	6.78901e+07	4.99597e+06	1.02888e+06	260431262
16 10 10 20	416750	433133	123820	27905.2	1.18872e+08	7.27925e+06	2.06195e+06	334379287
16 10 10 30	564630	670464	153171	35775.2	6.09955e+07	3.28413e+06	3.36748e+06	366050075
16 10 10 40	755121	974478	192438	45136.8	8.02823e+07	4.04335e+06	5.00334e+06	437910097
16 10 10 50	986537	1.37908e+06	252926	54160.3	143385750	9.37149e+06	6.94844e+06	386694419
16 10 10 60	1.20059e+06	1.76814e+06	265399	66885.1	3.35174e+08	1.61838e+07	9.04057e+06	529108799
16 10 10 70	1.31092e+06	1.97198e+06	294679	68172	1.36328e+08	9.95301e+06	1.04684e+07	440505185
16 10 10 80	1.45247e+06	2.17031e+06	329675	68917.3	132277883	9.61819e+06	1.1901e+07	363903214
16 10 20 20	478441	601821	115764	32574.2	7.86745e+07	5.93881e+06	3.87406e+06	286627793
16 10 20 30	791890	1106937	191907	42926.5	182333814	1.10073e+07	6.55388e+06	334170559
16 10 20 40	1.08544e+06	1.6479e+06	231443	54788.8	137566933	9.392e+06	9.79041e+06	423528733
16 10 20 50	1.45401e+06	2.34052e+06	300556	69782.4	2.60774e+08	1.85324e+07	1.35181e+07	475293097
16 10 20 60	1.83314e+06	3.03961e+06	366123	76591.4	1.88078e+08	1.292e+07	1.72325e+07	636119845
16 10 20 70	1.9781e+06	3.37578e+06	340655	85272.6	1.38306e+08	1.3614e+07	1.99652e+07	484484600
16 10 20 80	2.18152e+06	3.77646e+06	396775	82687.1	2.00591e+08	1.54957e+07	2.27026e+07	452103161
16 10 30 30	902618	1.37862e+06	210119	48747.4	9.51357e+07	7.20355e+06	9.43827e+06	417515550
16 10 30 40	1.40074e+06	2.25076e+06	334070	60159.2	1.87642e+08	1.37972e+07	1.4468e+07	399167435
16 10 30 50	1.9616e+06	3295420	368838	79310.2	1.77154e+08	1.64422e+07	2.01918e+07	414218513
16 10 30 60	2.38385e+06	4.15835e+06	403716	84636.1	1.42564e+08	1.62814e+07	2.54206e+07	732624429
16 10 30 70	2.68862e+06	4.69581e+06	441777	93361.3	2.2651e+08	1.83508e+07	2.94621e+07	604044995
16 10 30 80	3.01208e+06	5.24681e+06	480474	96660.4	1.56732e+08	1.37885e+07	3.35041e+07	748669139
16 10 40 40	1.6394e+06	2.6426e+06	334495	68420.1	2.3522e+08	2.56534e+07	1.8485e+07	332046042
16 10 40 50	2.45658e+06	4.16606e+06	419684	85345.7	1.44536e+08	1.49554e+07	2.6697e+07	544205236
16 10 40 60	3.04086e+06	5.24699e+06	500807	98326.4	1.6496e+08	20789356	3.36129e+07	1550401543
16 10 40 70	3.42834e+06	6.0278e+06	616682	102962	2.35773e+08	2.83055e+07	3.8959e+07	651607194
16 10 40 80	3.8242e+06	6.74209e+06	643337	115904	1.80319e+08	3.58898e+07	4.43056e+07	675962375
16 10 50 50	2.7979e+06	4.83952e+06	463499	88187.5	1.4139e+08	2.03975e+07	3.21079e+07	534473948
16 10 50 60	3.70288e+06	6.35996e+06	551077	102956	1.56257e+08	2.03493e+07	4.18052e+07	677166942
16 10 50 70	4.16405e+06	7.35045e+06	597301	110014	2.61326e+08	3.87916e+07	4.84559e+07	640329752
16 10 50 80	4.67465e+06	8.17435e+06	649547	120592	3.04115e+08	4.39861e+07	5.51204e+07	797524206
16 10 60 60	4.30902e+06	7.54469e+06	738218	112773	2.36385e+08	34618920	5.00215e+07	745063245
16 10 60 70	4.88398e+06	8.45653e+06	792635	128689	1.92369e+08	5.59053e+07	5.79527e+07	809457731
16 10 60 80	5.51341e+06	9.21838e+06	740766	144602	183354800	1.22905e+08	6.59244e+07	1192484194
16 10 70 70	5.70183e+06	9.39493e+06	865529	141093	1.99211e+08	1.34007e+08	6.74657e+07	1522031674
16 10 70 80	6.31454e+06	1.04258e+07	866279	156057	2.2134e+08	1.87505e+08	7.67103e+07	916442456
16 10 80 80	7.14849e+06	1.1652e+07	929705	176487	2.31634e+08	2.51416e+08	8.75118e+07	1048093987
16 20 20 20	622938	882454	154293	34896.6	6.60476e+07	5.31963e+06	7.11092e+06	480595336
16 20 20 30	1.0481e+06	1.65368e+06	206476	48640	134984427	9.12027e+06	1.22153e+07	477968383
16 20 20 40	1.60474e+06	2.66696e+06	309953	64133.4	1.06597e+08	9.71659e+06	1.82338e+07	626467434
16 20 20 50	2.28226e+06	3903606	388856	78905.5	1.44787e+08	1.23715e+07	2.54097e+07	514333870
16 20 20 60	2999875	5.23038e+06	489965	93524.2	167601589	1.54169e+07	3.29057e+07	567053372
16 20 20 70	3.40053e+06	5968452	527100	101225	1.80884e+08	1.78699e+07	3.81342e+07	681092393
16 20 20 80	3.77531e+06	6.68887e+06	552666	105127	1.75153e+08	1.64324e+07	4.33608e+07	741067362
16 20 30 30	1.3965e+06	2.28493e+06	284628	54749.1	1.04464e+08	9.68263e+06	1.78875e+07	607903977
16 20 30 40	2261194	3.84696e+06	388804	70313.8	1.62087e+08	1.40067e+07	2.75801e+07	509651413
16 20 30 50	3.36326e+06	5.75388e+06	595634	93055.8	1.53402e+08	1.71565e+07	3.85073e+07	769624793
16 20 30 60	4.18744e+06	7.40836e+06	599770	108573	1.60808e+08	2.34428e+07	4.8552e+07	727688727
16 20 30 70	4.76233e+06	8.2831e+06	672682	122129	2.08716e+08	4.09561e+07	5.62852e+07	642931194
16 20 30 80	5.35487e+06	9.23006e+06	693053	132894	2.17937e+08	7.87629e+07	6.40191e+07	867789247
16 20 40 40	2737766	4.73424e+06	417319	81161	1.35432e+08	1.70597e+07	3.52266e+07	537122029
16 20 40 50	4.23777e+06	7.39404e+06	584483	111229	3.8204e+08	4.21166e+07	5.1239e+07	652811217
16 20 40 60	5.35951e+06	9.18796e+06	689406	141838	2.20765e+08	9.17362e+07	6.42139e+07	644284471
16 20 40 70	6.13807e+06	10321089	924249	159543	3.83817e+08	1.78831e+08	7.44451e+07	851991699
16 20 40 80	6.92777e+06	1.14879e+07	827747	164077	2.3618e+08	2.1321e+08	8.46774e+07	1183556647
16 20 50 50	4.89952e+06	8381396	663581	125292	2.1554e+08	8.74126e+07	6.1399e+07	637663604
16 20 50 60	6.549e+06	1.09175e+07	878046	163670	247351186	1.9393e+08	7.98758e+07	1039892155
16 20 50 70	7.47862e+06	1.22687e+07	1.01922e+06	177487	2.41161e+08	2.88007e+08	9.26264e+07	914623214
16 20 50 80	8.48402e+06	1.38762e+07	988462	187551	2.65662e+08	3.82573e+08	1.05336e+08	1111126384
16 20 60 60	7.70741e+06	1.26628e+07	921744	187775	3.15532e+08	2.53269e+08	9.55815e+07	1207567504
16 20 60 70	8.82964e+06	1.45519e+07	992658	203371	3.08068e+08	4.10028e+08	1.1079e+08	1385079227
16 20 60 80	1.00103e+07	1.6453e+07	1.13091e+06	235999	4.4171e+08	5.67311e+08	1.26023e+08	1584921295
16 20 70 70	10249762	1.69719e+07	1.15634e+06	238447	4.15961e+08	5.61771e+08	1.28954e+08	1544750138
16 20 70 80	1.15717e+07	1.91587e+07	1.28013e+06	263398	3.93387e+08	6.96269e+08	1.46686e+08	2238974826
16 20 80 80	1.31665e+07	2.18474e+07	1468230	303982	4.02197e+08	8.29269e+08	1.67348e+08	2169972332
16 30 30 30	1.79025e+06	3.04197e+06	303530	58544.3	1.51554e+08	1.33564e+07	2.56124e+07	347186621
16 30 30 40	3.09416e+06	5.40666e+06	488826	85368.4	1.57366e+08	14266371	4.00304e+07	597932372
16 30 30 50	4.52061e+06	7.85104e+06	623252	118002	1.86629e+08	3.09842e+07	5.58535e+07	680595552
16 30 30 60	5.90986e+06	9.82645e+06	769179	153032	3.00831e+08	1.01447e+08	7.16999e+07	2160463628
16 30 30 70	6.79176e+06	1.13655e+07	797668	167982	3.07617e+08	2.13331e+08	8.31273e+07	913356121
16 30 30 80	7.68128e+06	1.27077e+07	897268	183263	2.66503e+08	2.85636e+08	9.45341e+07	1245444032
16 30 40 40	3.79625e+06	6.55847e+06	598578	103104	1.99693e+08	63355951	5.18781e+07	547835145
16 30 40 50	6.11068e+06	1.00141e+07	864236	153953	2.47321e+08	1.69631e+08	7.58851e+07	966380104
16 30 40 60	7.6591e+06	1.27389e+07	919996	184236	3.11837e+08	2.84248e+08	9.47933e+07	1442714404
16 30 40 70	8.78882e+06	1.45268e+07	1.00053e+06	202810	3.15479e+08	3.70761e+08	1.09931e+08	1401299957
16 30 40 80	9.93191e+06	1.64424e+07	1.08008e+06	228387	3.63222e+08	5.60892e+08	1.25049e+08	1511644972
16 30 50 50	6.98209e+06	1.15756e+07	885880	162464	2.58946e+08	3.03754e+08	9.12117e+07	1959612964
16 30 50 60	9.35014e+06	1.55934e+07	1.12497e+06	215284	2.9637e+08	4.29314e+08	1.17946e+08	1360655350
16 30 50 70	1.07846e+07	1.81438e+07	1.13351e+06	246883	3.44976e+08	6.09715e+08	1.36754e+08	1500408436
16 30 50 80	1.22252e+07	2.03504e+07	1.29796e+06	284186	5.4556e+08	8.53351e+08	1.55599e+08	2273099752
16 30 60 60	1.11152e+07	18494893	1.20173e+06	253332	5.80257e+08	7.16824e+08	1.41141e+08	1769247446
16 30 60 70	1.27906e+07	2.14826e+07	1.29443e+06	292821	4.1229e+08	8.23274e+08	1.63577e+08	2336319537
16 30 60 80	1.45191e+07	2.43341e+07	1.47629e+06	341576	4.48143e+08	9.60169e+08	1.86079e+08	2288020573
16 30 70 70	1.48135e+07	2.48003e+07	1.53764e+06	341785	4.53404e+08	9.6795e+08	1.90443e+08	2206264280
16 30 70 80	1.68309e+07	2.83874e+07	1.65786e+06	380450	4.56324e+08	1.20479e+09	2.16594e+08	2582673701
16 30 80 80	1.91068e+07	3.23031e+07	1.8892e+06	438771	7.11674e+08	1.49135e+09	2.47109e+08	3339464088
16 40 40 40	4.6981e+06	7.86136e+06	614841	120288	223913030	142577589	6.69268e+07	1050728314
16 40 40 50	7607361	1.25812e+07	855193	175184	2.68859e+08	3.04264e+08	9.86726e+07	1242154855
16 40 40 60	9.93485e+06	1.66597e+07	1.08841e+06	226383	3.41257e+08	5.11211e+08	1.25416e+08	1525049194
16 40 40 70	1.14366e+07	1.90955e+07	1.20409e+06	258208	3.89734e+08	6.22139e+08	1.45417e+08	1881175198
16 40 40 80	1.29439e+07	2.17244e+07	1.40431e+06	286238	4.91147e+08	8.47154e+08	1.65421e+08	2223318974
16 40 50 50	9.18335e+06	1.52745e+07	1.03588e+06	217929	9.32204e+08	5.13244e+08	1.20602e+08	1301278251
16 40 50 60	1.23192e+07	2.05336e+07	1.35764e+06	276554	5.52059e+08	7.44375e+08	1.56017e+08	1966473993
16 40 50 70	1.42041e+07	2.37892e+07	1.49623e+06	314313	7.13051e+08	9.89481e+08	1.80863e+08	2104464625
16 40 50 80	1.60892e+07	2.70451e+07	1.58327e+06	359963	5.78498e+08	1.23893e+09	2.05793e+08	2789142476
16 40 60 60	1.45095e+07	2.45447e+07	1.46942e+06	326087	6.33954e+08	1.08453e+09	1.86701e+08	2301452307
16 40 60 70	1.67445e+07	2.84397e+07	1.59972e+06	375936	7.83226e+08	1.32422e+09	2.1639e+08	2644967828
16 40 60 80	1.89702e+07	3.20571e+07	1.78336e+06	420130	6.36074e+08	1.55391e+09	2.46164e+08	3156119397
16 40 70 70	1.93696e+07	3.29239e+07	1.87853e+06	426144	8.11005e+08	1.54806e+09	2.51932e+08	3191209822
16 40 70 80	2.20518e+07	3.71962e+07	2.12652e+06	487314	1.05986e+09	1.79861e+09	2.866e+08	3737635429
16 40 80 80	24998228	4.23995e+07	2.2532e+06	557691	9.45474e+08	2.26065e+09	3.26908e+08	4193458756
16 50 50 50	1.06661e+07	1.80162e+07	1.23585e+06	234400	3.83144e+08	6.61966e+08	1.45297e+08	1798974500
16 50 50 60	1.51325e+07	2.5322e+07	1.57717e+06	340274	6.68385e+08	1.09159e+09	1.94131e+08	2450054680
16 50 50 70	1.73712e+07	2.9449e+07	1.67849e+06	378874	684645646	1.35536e+09	2.25053e+08	2825631037
16 50 50 80	1.97901e+07	3.33396e+07	1.93639e+06	428303	6.27784e+08	1.52569e+09	2.56021e+08	3401856829
16 50 60 60	1.78603e+07	3.02508e+07	1.73103e+06	398760	1.26182e+09	1.43423e+09	2.3221e+08	2922065565
16 50 60 70	2.07014e+07	3.51121e+07	1.92001e+06	427751	613177972	1.65483e+09	2.69202e+08	3343139950
16 50 60 80	2.34373e+07	3.96835e+07	2.14313e+06	509924	1.02951e+09	2.04605e+09	3.0625e+08	4005255489
16 50 70 70	2.39691e+07	4.06394e+07	2.18011e+06	507648	1.0207e+09	1.99443e+09	3.13421e+08	4298286303
16 50 70 80	2.71648e+07	4.60486e+07	2.37597e+06	592880	9.72648e+08	2.40101e+09	3.56478e+08	4501859710
16 50 80 80	3.11911e+07	5.28282e+07	2.82856e+06	675845	1.0332e+09	2.9413e+09	4.06707e+08	5368758838
16 60 60 60	2.11103e+07	3.58742e+07	1.96076e+06	450421	8.29609e+08	1.73808e+09	2.76088e+08	3576351406
16 60 60 70	2.46303e+07	4.17289e+07	2.19878e+06	511891	910901275	2.1746e+09	3.22015e+08	4254038524
16 60 60 80	27981877	4.7498e+07	2.43524e+06	594740	9.11956e+08	2.59918e+09	3.66335e+08	4709737196
16 60 70 70	2.86892e+07	4.86579e+07	2.52181e+06	579630	7.17595e+08	2.69895e+09	3.7491e+08	4855999788
16 60 70 80	3.27619e+07	5.51805e+07	2955828	655448	893916035	3.21906e+09	4.2642e+08	5820692484
16 60 80 80	36955880	62566898	3.13015e+06	735497	1.03859e+09	3.7577e+09	4.86505e+08	6533884309
16 70 70 70	3.32619e+07	56367782	2.91199e+06	642646	8.72461e+08	3.27492e+09	4.36398e+08	5613673132
16 70 70 80	3.77309e+07	6.39057e+07	3.08277e+06	731415	9.59288e+08	3.84803e+09	4.96471e+08	6504120952
16 70 80 80	43020014	7.25581e+07	3.49845e+06	814919	1.09909e+09	4.5039e+09	5.66304e+08	8058067364
16 80 80 80	4.92341e+07	8.25601e+07	3.935e+06	931171	1.33264e+09	5.34601e+09	6.46244e+08	8921906542
32 10 10 10	345032	320954	126917	25094.5	3.19888e+08	1.49805e+07	662978	520764310
32 10 10 20	476231	449710	183967	33176.6	1.35733e+08	7.79029e+06	1.2684e+06	1004480487
32 10 10 30	651958	637408	265268	42871.7	1.61304e+08	1.2299e+07	2.01323e+06	1560404940
32 10 10 40	807269	852485	311159	56260.5	1.32405e+08	1.0482e+07	2.92191e+06	445852296
32 10 10 50	993414	1.1218e+06	371724	64612	1.28812e+08	1.01528e+07	3.98702e+06	695339190
32 10 10 60	1.18208e+06	1.34429e+06	443460	75643.5	2.24221e+08	1.76449e+07	5.12436e+06	663281117
32 10 10 70	1.2692e+06	1.51691e+06	462680	76039.2	1.44877e+08	1.21841e+07	5.92928e+06	682833274
32 10 10 80	1.30237e+06	1.58829e+06	464558	81218.5	173170157	1.45733e+07	6.7339e+06	752736471
32 10 20 20	551679	527951	225301	38173.3	1.57353e+08	9.32895e+06	2.1741e+06	403295028
32 10 20 30	766606	852446	286064	48601	112589259	6.97613e+06	3.62108e+06	709442830
32 10 20 40	1.02332e+06	1229111	366507	60383.2	1.2112e+08	1.08428e+07	5.29898e+06	513629439
32 10 20 50	1.26722e+06	1.61092e+06	437116	77864.8	1.28347e+08	1.12956e+07	7.27197e+06	954972654
32 10 20 60	1520458	2.03468e+06	498063	89004.4	1.60752e+08	1.39855e+07	9.22009e+06	723479297
32 10 20 70	1.59524e+06	2.22226e+06	495150	90753	1.67453e+08	1.2421e+07	1.06761e+07	886412213
32 10 20 80	1.69808e+06	2.42036e+06	509084	91226.2	1.5157e+08	1.33539e+07	1.21347e+07	698009147
32 10 30 30	822494	1.00804e+06	289314	51363.4	1.24278e+08	9.54846e+06	5.04524e+06	570178383
32 10 30 40	1.17288e+06	1.55862e+06	383856	66583.4	1.43295e+08	1.07775e+07	7.65536e+06	633764064
32 10 30 50	1509052	2.11902e+06	457079	83793.2	1.63024e+08	1.40441e+07	1.06089e+07	621846065
32 10 30 60	1.79956e+06	2.62272e+06	534172	92579.1	1.43242e+08	1.23278e+07	1.33172e+07	701076654
32 10 30 70	1.95131e+06	2.9224e+06	542390	97863.8	2.01474e+08	19033991	1.54246e+07	1360663102
32 10 30 80	2.10994e+06	3.2121e+06	574664	101145	1.92591e+08	1.76746e+07	1.75398e+07	926369798
32 10 40 40	1.24845e+06	1.72582e+06	385550	67236.3	1.54752e+08	1.28051e+07	9.66374e+06	653669220
32 10 40 50	1779522	2.59287e+06	513657	89315.2	1.97502e+08	13924540	1.38617e+07	847160810
32 10 40 60	2.11634e+06	3.22663e+06	565039	99590.6	1.82753e+08	1.7163e+07	1.74101e+07	1128141870
32 10 40 70	2.32597e+06	3.64685e+06	594204	102671	1.76828e+08	1.51983e+07	2.0173e+07	864435705
32 10 40 80	2.57753e+06	4.0578e+06	656785	110737	2.46144e+08	2.08825e+07	2.29418e+07	832962242
32 10 50 50	1.90299e+06	2.90529e+06	501064	94151.8	3.0728e+08	2.35441e+07	1.65127e+07	626008014
32 10 50 60	2.46809e+06	3.83826e+06	633038	113440	5.40145e+08	3.54053e+07	2.15115e+07	1090664518
32 10 50 70	2.7215e+06	4.30871e+06	673753	111923	2.38419e+08	2.07296e+07	2.49275e+07	877321778
32 10 50 80	2.97692e+06	4.81235e+06	704052	118878	1.97233e+08	1.99888e+07	2.83439e+07	1038378972
32 10 60 60	2.78312e+06	4.42437e+06	665116	111606	2.37976e+08	2.23897e+07	2.5621e+07	815994597
32 10 60 70	3.09145e+06	5.00506e+06	712862	118590	2.45718e+08	2.19141e+07	2.9677e+07	1702709586
32 10 60 80	3.38518e+06	5.54244e+06	747138	121974	2.6914e+08	2.56406e+07	3.37459e+07	1341379604
32 10 70 70	3.47094e+06	5.66009e+06	781283	122847	2.28532e+08	2.29819e+07	3.44266e+07	972885003
32 10 70 80	3.90206e+06	6.37826e+06	868657	127041	2.33276e+08	2.82769e+07	3.91479e+07	733033797
32 10 80 80	4.25256e+06	7.09923e+06	861051	141593	2.68518e+08	3.22956e+07	4.455e+07	966227934
32 20 20 20	583126	680070	200353	38349.4	1.1002e+08	7.2405e+06	3.99007e+06	321922753
32 20 20 30	972753	1.17845e+06	347998	55251	1.76227e+08	1.22766e+07	6.68391e+06	666322874
32 20 20 40	1.27434e+06	1.75129e+06	391648	70744.1	1.36302e+08	1.11142e+07	9.88656e+06	738649575
32 20 20 50	1.68624e+06	2.46708e+06	483106	85420.9	1.59681e+08	1.32827e+07	1.36421e+07	801980176
32 20 20 60	2.1417e+06	3.18391e+06	600622	99974.4	2.3522e+08	1.93499e+07	1.7557e+07	597679557
32 20 20 70	2.3189e+06	3.58062e+06	605562	108541	2.72956e+08	2.14948e+07	2.03357e+07	695986908
32 20 20 80	2.52992e+06	3.96913e+06	652011	109273	2.06663e+08	1.77439e+07	2.31134e+07	914255709
32 20 30 30	1.11844e+06	1.49966e+06	354607	58143.7	1.59799e+08	1.26348e+07	9.50755e+06	1116572432
32 20 30 40	1.62073e+06	2.41486e+06	444349	78063	2.07152e+08	1.60084e+07	1.45089e+07	1481271018
32 20 30 50	2.22269e+06	3.42719e+06	576244	99412.8	2.04221e+08	1.85993e+07	2.01863e+07	1017649925
32 20 30 60	2697495	4.31417e+06	631647	107450	1.92592e+08	1.95923e+07	2.53794e+07	1049228586
32 20 30 70	3.01803e+06	4.90318e+06	691242	113510	2.28226e+08	2.03588e+07	2.94108e+07	850009232
32 20 30 80	3.33035e+06	5.48274e+06	730019	121263	2.88339e+08	2.7548e+07	3.34426e+07	1507700361
32 20 40 40	1.83809e+06	2.79252e+06	472058	82807.2	1.84826e+08	16523914	1.83835e+07	1185615858
32 20 40 50	2770581	4.35957e+06	668153	105631	2.32893e+08	1.82528e+07	2.65636e+07	2314050577
32 20 40 60	3.33847e+06	5.46597e+06	738722	119811	2.51362e+08	2.75676e+07	3.32103e+07	792830970
32 20 40 70	3.75331e+06	6.17704e+06	780492	127912	2.39983e+08	2.54881e+07	3.84998e+07	970974402
32 20 40 80	4.16324e+06	6.93695e+06	824371	130502	2.46302e+08	3.02277e+07	4.37717e+07	984729482
32 20 50 50	3.05818e+06	4.92965e+06	672213	108086	2.55502e+08	2.72724e+07	3.16368e+07	1188373179
32 20 50 60	3.9869e+06	6.5701e+06	816191	126146	2.72096e+08	2.94944e+07	4.10413e+07	849803813
32 20 50 70	4.50154e+06	7.44835e+06	887330	137938	2.46152e+08	3.40096e+07	4.75707e+07	1155492173
32 20 50 80	4.98458e+06	8.29555e+06	917038	147672	3.02751e+08	54238313	5.41134e+07	2373711515
32 20 60 60	4.56146e+06	7.59693e+06	845917	139977	2.68795e+08	3.88135e+07	4.88949e+07	1037193477
32 20 60 70	5.25313e+06	8.66307e+06	975819	153515	3.2693e+08	6.03904e+07	5.66507e+07	991865973
32 20 60 80	5.84644e+06	9573921	1.03887e+06	170076	2.99776e+08	8.86862e+07	6.44449e+07	1554490222
32 20 70 70	5.92382e+06	9.70382e+06	1.04111e+06	167873	3.15645e+08	1.01929e+08	6.57459e+07	1126932689
32 20 70 80	6.62667e+06	1.07261e+07	1.11666e+06	188493	3.32259e+08	1.30185e+08	7.47591e+07	1181153001
32 20 80 80	7.43239e+06	1.19737e+07	1.18536e+06	204406	4.39214e+08	2.05135e+08	8.51078e+07	1262009686
32 30 30 30	1.26947e+06	1.87911e+06	339760	62951.2	1.59008e+08	1.31886e+07	1.36812e+07	703901230
32 30 30 40	2.0398e+06	3.17079e+06	500621	87256.2	194494473	1.75114e+07	2.11339e+07	740432751
32 30 30 50	2.85818e+06	4.64158e+06	630428	107218	2.19284e+08	21241937	2.92885e+07	1461943336
32 30 30 60	3.64607e+06	5.9999e+06	766965	129837	2.42219e+08	2.38459e+07	3.74536e+07	836288958
32 30 30 70	4.15329e+06	6.86013e+06	865957	135920	2.57964e+08	3.24146e+07	4.34071e+07	923011120
32 30 30 80	4.54769e+06	7.64186e+06	859668	142144	3.34851e+08	5.40411e+07	4.93497e+07	1007665575
32 30 40 40	2.43983e+06	3.86347e+06	556013	91255.8	2.32255e+08	2.78127e+07	2.70576e+07	633856243
32 30 40 50	3.69569e+06	6.05975e+06	761074	128105	2.84582e+08	3.46702e+07	3.91692e+07	761985107
32 30 40 60	4.56102e+06	7.62301e+06	852416	140274	2.64911e+08	3.61404e+07	4.90105e+07	839064400
32 30 40 70	5.18858e+06	8.64794e+06	929289	151363	2.94112e+08	5.91924e+07	5.68085e+07	987703687
32 30 40 80	5.77438e+06	9.54148e+06	995136	168829	3.88285e+08	9.44602e+07	6.46072e+07	993822056
32 30 50 50	4.1556e+06	6.82641e+06	792594	133255	2.55624e+08	42120053	4.66528e+07	1699533918
32 30 50 60	5.51626e+06	9.09201e+06	996422	160293	5.3808e+08	88399132	6.05902e+07	1081556926
32 30 50 70	6.24897e+06	1.01874e+07	1.0642e+06	172902	3.27957e+08	1.13512e+08	7.022e+07	1091750506
32 30 50 80	7.00958e+06	1.1299e+07	1.14891e+06	188021	3.69949e+08	1.77836e+08	7.98647e+07	1206496307
32 30 60 60	6.41305e+06	1.04702e+07	1.08716e+06	186119	3.32041e+08	1.36741e+08	7.2175e+07	1049686561
32 30 60 70	7.28318e+06	1.17968e+07	1.1597e+06	196218	3.41499e+08	1.90463e+08	8.36316e+07	1293997950
32 30 60 80	8.17807e+06	1.31766e+07	1.25954e+06	220719	4.28042e+08	2.52795e+08	9.51438e+07	1328783845
32 30 70 70	8.34744e+06	1.34199e+07	1.29689e+06	222592	4.5768e+08	2.51178e+08	9.70871e+07	1298740219
32 30 70 80	9.34654e+06	1.49484e+07	1.38588e+06	240062	4.8418e+08	3.34953e+08	1.1038e+08	1425994343
32 30 80 80	1.05073e+07	1.68972e+07	1.47356e+06	267178	4.90999e+08	4.00164e+08	1.25637e+08	1448004229
32 40 40 40	2.90542e+06	4.72868e+06	599222	96017.2	2.28259e+08	2.73788e+07	3.49305e+07	813652487
32 40 40 50	4.53936e+06	7.49284e+06	849177	137950	2.89594e+08	5.38459e+07	5.0943e+07	869468210
32 40 40 60	5.82313e+06	9.5873e+06	1.02459e+06	170852	3.516e+08	1.09825e+08	6.48108e+07	1003014095
32 40 40 70	6.67419e+06	1.07886e+07	1.1637e+06	184037	3.31847e+08	1.3355e+08	7.51263e+07	1191483968
32 40 40 80	7.49424e+06	1.19941e+07	1.2589e+06	196778	3.4541e+08	1.81703e+08	8.54427e+07	1369617472
32 40 50 50	5.32325e+06	8.67433e+06	951891	151596	2.64461e+08	8.18459e+07	6.18779e+07	931063653
32 40 50 60	6.98048e+06	1.13283e+07	1.13592e+06	193175	3.79228e+08	1.73951e+08	8.01113e+07	1261925424
32 40 50 70	8.0087e+06	1.28759e+07	1.25881e+06	214615	3.95901e+08	2.35744e+08	9.28693e+07	1323084613
32 40 50 80	1.03304e+07	1.44916e+07	2.51552e+06	228574	3.84338e+08	2.57158e+08	1.05629e+08	1467676171
32 40 60 60	8190908	1.32253e+07	1.26992e+06	216469	3.59361e+08	2.29824e+08	9.54334e+07	1390547828
32 40 60 70	9.32618e+06	1.49773e+07	1.36327e+06	238905	4.59915e+08	3.3356e+08	1.10637e+08	2684153705
32 40 60 80	1.05359e+07	1.69512e+07	1.5089e+06	262573	4.58526e+08	3.76726e+08	1.25814e+08	1721547143
32 40 70 70	1.06767e+07	1.72711e+07	1.50302e+06	264248	4.42911e+08	3.83185e+08	1.28384e+08	1937918472
32 40 70 80	1.20636e+07	1.93742e+07	1.67141e+06	297768	486448477	5.04064e+08	1.46033e+08	2175989974
32 40 80 80	1.36281e+07	2.19433e+07	1.81454e+06	333303	5.48456e+08	6.70228e+08	1.66186e+08	2393488388
32 50 50 50	6.16539e+06	1.00027e+07	1.02113e+06	170695	3.64919e+08	1.38784e+08	7.51389e+07	1256275446
32 50 50 60	8.47197e+06	1.37367e+07	1278832	222188	3.99274e+08	257552392	9.96915e+07	1921676326
32 50 50 70	9.71196e+06	1.56631e+07	1.43536e+06	250511	4.94072e+08	3.50616e+08	1.15519e+08	2843730796
32 50 50 80	1.09376e+07	1.75123e+07	1.53969e+06	267705	5.35863e+08	4.07835e+08	1.31392e+08	2047852594
32 50 60 60	9.95162e+06	1.60893e+07	1.44808e+06	250543	446088919	3.39081e+08	1.18735e+08	2293564179
32 50 60 70	1.14127e+07	1.83948e+07	1.61207e+06	289183	5.39191e+08	4.82328e+08	1.37624e+08	2226572553
32 50 60 80	1.28432e+07	2.06565e+07	1.73471e+06	311538	6.25426e+08	5.85252e+08	1.56542e+08	2220746218
32 50 70 70	13102980	2.11473e+07	1.76286e+06	322955	6.6223e+08	6.35522e+08	1.59704e+08	2253437611
32 50 70 80	1.47768e+07	2.38769e+07	1.91014e+06	352112	5.01909e+08	7.41568e+08	1.81621e+08	2728524569
32 50 80 80	1.67971e+07	2.72043e+07	2.09092e+06	404561	7.97408e+08	9.44234e+08	2.06735e+08	2906246321
32 60 60 60	1.1677e+07	1.8919e+07	1.63019e+06	285780	5.04123e+08	4.59888e+08	1.4115e+08	2208327485
32 60 60 70	1.34705e+07	2.1633e+07	1.77896e+06	322064	6.14146e+08	6.51864e+08	1.64574e+08	3391648363
32 60 60 80	1.52944e+07	2.4513e+07	2.00504e+06	356496	5.36887e+08	7.70816e+08	1.87199e+08	2871201672
32 60 70 70	1.58955e+07	2.51277e+07	2.25751e+06	361149	5.70607e+08	8.10845e+08	1.9098e+08	3311043307
32 60 70 80	1.75545e+07	2.85235e+07	2.13143e+06	408974	6.55744e+08	9.84743e+08	2.17242e+08	3235881151
32 60 80 80	1.97349e+07	3.22487e+07	2.29981e+06	454381	8.72621e+08	1.21228e+09	2.47284e+08	3460148429
32 70 70 70	1.78854e+07	2.90555e+07	2.18075e+06	402944	577875164	9.71753e+08	2.22441e+08	2816962819
32 70 70 80	2.01881e+07	3.30182e+07	2.37155e+06	451459	7.85783e+08	1.20875e+09	2.52862e+08	3563353059
32 70 80 80	2.29165e+07	3.76115e+07	2.64978e+06	539390	1.13453e+09	1.50147e+09	2.87833e+08	3644789288
32 80 80 80	2.60908e+07	4.28839e+07	2.9273e+06	570816	9.56406e+08	1.77932e+09	3.28455e+08	4434148626
48 10 10 10	411818	340909	168649	28299.7	9.34322e+07	6.33288e+06	515529	370203424
48 10 10 20	595613	476041	260365	39447.8	1.28398e+08	8.97123e+06	964846	1188325482
48 10 10 30	799984	645358	364924	48941.8	1.01408e+08	8.12362e+06	1.50675e+06	1370169942
48 10 10 40	990093	873206	448512	62637.3	1.65888e+08	1.26887e+07	2.15973e+06	621640916
48 10 10 50	1.12803e+06	1.06407e+06	482784	75156.6	1.67834e+08	1.27567e+07	2.91507e+06	977534888
48 10 10 60	1.38534e+06	1.32828e+06	607808	83186.1	1.68219e+08	1.30873e+07	3.71902e+06	864405323
48 10 10 70	1.37135e+06	1.35526e+06	577749	83367.9	1.50054e+08	1.10156e+07	4.30046e+06	603056495
48 10 10 80	1.47931e+06	1.44417e+06	632275	84297.1	1.69214e+08	1.46968e+07	4.88168e+06	890943930
48 10 20 20	678590	549735	303276	38930.4	1.15122e+08	10213068	1.64744e+06	622460917
48 10 20 30	878617	815132	378389	53348.5	1.18209e+08	1.15136e+07	2.6797e+06	559997250
48 10 20 40	1.22147e+06	1.09245e+06	543946	66540.7	1.50811e+08	1.2273e+07	3.88335e+06	826198227
48 10 20 50	1.37565e+06	1.42423e+06	564282	79850.4	1.76806e+08	1.36599e+07	5.2749e+06	661075916
48 10 20 60	1.61779e+06	1.73667e+06	642999	90776.6	2.10676e+08	1.61945e+07	6.64936e+06	707490239
48 10 20 70	1.65151e+06	1.86912e+06	637822	94967.9	1.72414e+08	1.50651e+07	7.69475e+06	1066098592
48 10 20 80	1.68849e+06	2.02824e+06	623060	96496.7	1.56345e+08	1.26696e+07	8.74205e+06	689819843
48 10 30 30	935309	906394	388902	54215	1.44311e+08	1.11286e+07	3.78448e+06	509908949
48 10 30 40	1.19036e+06	1.32713e+06	463191	71697.1	1.85341e+08	1.39752e+07	5.64025e+06	786854656
48 10 30 50	1.58186e+06	1.81737e+06	602545	86291.7	1.48139e+08	1.29624e+07	7.72593e+06	796704050
48 10 30 60	1.79692e+06	2.19015e+06	654108	96550.2	1.59034e+08	1.32895e+07	9.64491e+06	911130970
48 10 30 70	1.90802e+06	2.37111e+06	685689	102505	2.32159e+08	1.75216e+07	1.11669e+07	1056505876
48 10 30 80	1.985e+06	2.59044e+06	667001	109907	1.55399e+08	13834498	1.26923e+07	1035841192
48 10 40 40	1.30891e+06	1.46833e+06	498556	71951.1	1.38771e+08	1.17479e+07	7.11853e+06	786121612
48 10 40 50	1.67011e+06	2.099e+06	579990	94812.9	1.75431e+08	1.55699e+07	1.00618e+07	776507930
48 10 40 60	1.95877e+06	2.57334e+06	648508	104190	2.12644e+08	1.59478e+07	1.25788e+07	1037029407
48 10 40 70	2.13383e+06	2.85398e+06	704742	109829	1.99486e+08	1.89882e+07	1.45661e+07	965188381
48 10 40 80	2.33809e+06	3.14681e+06	765708	114248	2.34687e+08	2.1995e+07	1.65494e+07	1146846380
48 10 50 50	1.78299e+06	2.30399e+06	605543	94662.1	1.41334e+08	1.24781e+07	1.20013e+07	1352987285
48 10 50 60	2.17763e+06	2.99354e+06	690181	110682	1.90176e+08	1.77896e+07	1.55062e+07	973117516
48 10 50 70	2.39206e+06	3.33865e+06	737218	110690	2.23533e+08	2.04795e+07	1.79624e+07	1111052663
48 10 50 80	2.61022e+06	3.67874e+06	794706	118266	1.94987e+08	1.65659e+07	2.04149e+07	1401901361
48 10 60 60	2.47004e+06	3.41143e+06	777614	113006	1.62294e+08	1.65718e+07	1.85082e+07	978533090
48 10 60 70	2.70962e+06	3.85655e+06	811284	120383	1.81951e+08	1.90334e+07	2.14353e+07	881203721
48 10 60 80	2.86457e+06	4.22474e+06	809746	119199	1.88023e+08	1.88058e+07	2.43628e+07	1806670631
48 10 70 70	2.92819e+06	4.29928e+06	822358	129042	3.38489e+08	2.64435e+07	2.48316e+07	939393177
48 10 70 80	3.20274e+06	4.72618e+06	873333	128750	2.18097e+08	20302270	2.82171e+07	1121560294
48 10 80 80	3.57394e+06	5.28749e+06	972225	129202	1.91607e+08	2.03034e+07	3.20854e+07	1009050082
48 20 20 20	700642	633459	297323	39023.1	7.69011e+07	6.26104e+06	2.85796e+06	374460081
48 20 20 30	998834	1.02433e+06	398446	56533.9	2.58498e+08	1.24409e+07	4.74745e+06	790194996
48 20 20 40	1.25702e+06	1.46645e+06	464182	71134.5	1.51054e+08	1.02945e+07	6.94367e+06	681100345
48 20 20 50	1.6552e+06	2.01836e+06	595265	89495.9	2.03141e+08	1.44069e+07	9.52164e+06	937357827
48 20 20 60	1.95493e+06	2.54705e+06	665427	107132	3.00428e+08	1.83579e+07	1.22075e+07	782686168
48 20 20 70	2.1476e+06	2.81173e+06	717304	104125	1.65783e+08	1.39689e+07	1.41347e+07	772316939
48 20 20 80	2.2274e+06	3.07751e+06	700238	113847	1.69198e+08	1.52588e+07	1.60652e+07	1012578049
48 20 30 30	1.07152e+06	1.22575e+06	400654	58919.6	1.62858e+08	1.02076e+07	6.75586e+06	613845504
48 20 30 40	1.52242e+06	1.92745e+06	526886	82012.8	1.60849e+08	1.46169e+07	1.02093e+07	827431031
48 20 30 50	2.05929e+06	2.71451e+06	684798	100619	1.56448e+08	1.33991e+07	1.41109e+07	896581906
48 20 30 60	2.406e+06	3.33367e+06	754172	113159	2.29678e+08	1.67818e+07	1.76885e+07	805425797
48 20 30 70	2.617e+06	3.71315e+06	787701	116640	2.31204e+08	1.96359e+07	2.0491e+07	908342279
48 20 30 80	2.83998e+06	4.1337e+06	816104	119409	2.31025e+08	1.8915e+07	2.32938e+07	984139629
48 20 40 40	1.6357e+06	2.21283e+06	516669	84335.3	1.6021e+08	1.2795e+07	1.29281e+07	672032008
48 20 40 50	2.39793e+06	3.29874e+06	731680	107619	1.95433e+08	1.62557e+07	1.85278e+07	755825616
48 20 40 60	2.83981e+06	4.08885e+06	820015	119586	2.00181e+08	1.77332e+07	2.31091e+07	922879718
48 20 40 70	3.07714e+06	4.63927e+06	817545	124478	2.21038e+08	1.86755e+07	2.67742e+07	1112027682
48 20 40 80	3.41155e+06	5.1158e+06	893345	127935	3.15864e+08	2.53841e+07	3.04397e+07	1055045562
48 20 50 50	2.56058e+06	3.71037e+06	716322	113207	2.47553e+08	2.05231e+07	2.2084e+07	993824706
48 20 50 60	3.29808e+06	4.86467e+06	894127	123635	1.96386e+08	1.83659e+07	2.85296e+07	1127983068
48 20 50 70	3.56331e+06	5.48721e+06	881046	133980	3.46912e+08	2.72411e+07	3.30574e+07	1330571685
48 20 50 80	3.97139e+06	6.1188e+06	963388	138021	2.04543e+08	2.35426e+07	3.75946e+07	1561162316
48 20 60 60	3.67289e+06	5.61466e+06	898611	129388	4.9786e+08	3.01847e+07	3.40329e+07	1055719313
48 20 60 70	4.1022e+06	6.39502e+06	979457	136861	2.62172e+08	2.63152e+07	3.94265e+07	955495004
48 20 60 80	4.54273e+06	7.07658e+06	1.04578e+06	148064	2.59425e+08	2.90721e+07	4.48288e+07	1000448637
48 20 70 70	4.71099e+06	7.22031e+06	1.10001e+06	148540	3.2757e+08	3.37371e+07	4.57112e+07	1137098631
48 20 70 80	5.15045e+06	8.03249e+06	1.12369e+06	161935	2.56062e+08	4.89625e+07	5.19764e+07	1190462001
48 20 80 80	5.73154e+06	8.85849e+06	1.20613e+06	170483	2.30315e+08	6.99118e+07	5.91101e+07	1653445516
48 30 30 30	1.28198e+06	1.52087e+06	461283	61936.5	2.72839e+08	1.49434e+07	9.54383e+06	643969573
48 30 30 40	1.81501e+06	2.4483e+06	574644	86108.9	2.32147e+08	1.77991e+07	1.46217e+07	745053616
48 30 30 50	2.4723e+06	3.50267e+06	731304	106972	1.9534e+08	1.68958e+07	2.0179e+07	796003103
48 30 30 60	3.02505e+06	4.45923e+06	834908	123866	2.14057e+08	1.81446e+07	2.57383e+07	1728498120
48 30 30 70	3.34944e+06	5.06114e+06	878271	131132	2.52058e+08	2.56345e+07	2.98151e+07	1028048645
48 30 30 80	3.74528e+06	5.62912e+06	982563	136484	1.9468e+08	2.06424e+07	3.38985e+07	1163004286
48 30 40 40	2.04587e+06	2.92168e+06	586296	88262.1	3.00552e+08	1.87687e+07	1.87145e+07	858160905
48 30 40 50	3.05592e+06	4.47148e+06	839433	119280	2.12978e+08	2.05816e+07	2.69359e+07	1532590592
48 30 40 60	3.65982e+06	5.5452e+06	921138	132694	2.19218e+08	2.09586e+07	3.36426e+07	1108302387
48 30 40 70	4.07786e+06	6.35531e+06	972646	149934	3.32391e+08	3.41399e+07	3.8986e+07	1033670046
48 30 40 80	4.55933e+06	7.0586e+06	1.06312e+06	144875	2.62182e+08	3.29534e+07	4.43301e+07	1100532929
48 30 50 50	3.36635e+06	5.06338e+06	852527	118423	1.96461e+08	1.89465e+07	3.20946e+07	820350894
48 30 50 60	4.25374e+06	6.67725e+06	967845	140519	2.58664e+08	2.71881e+07	4.15626e+07	1057833964
48 30 50 70	4.86928e+06	7.57714e+06	1.08643e+06	147606	2.9527e+08	3.80838e+07	4.81569e+07	1380532409
48 30 50 80	5.33861e+06	8.34996e+06	1.12186e+06	168375	2.32997e+08	4.82722e+07	5.47743e+07	1452204606
48 30 60 60	4.88966e+06	7.70289e+06	1.04334e+06	155331	2.96044e+08	3.87348e+07	4.95529e+07	2277061175
48 30 60 70	5584827	8.70125e+06	1.1647e+06	166392	3.18404e+08	6.83935e+07	5.74045e+07	1427420119
48 30 60 80	6.25614e+06	9.54258e+06	1.2812e+06	184887	2.62821e+08	9.646e+07	6.52948e+07	1743400203
48 30 70 70	6.36531e+06	9.77118e+06	1.28082e+06	187985	2.49403e+08	1.03285e+08	6.65907e+07	1133701213
48 30 70 80	6.97417e+06	1.07483e+07	1.3052e+06	217188	2.9865e+08	1.4484e+08	7.57113e+07	1346288338
48 30 80 80	7.87012e+06	1.19725e+07	1.45222e+06	226698	3.28691e+08	2.08395e+08	8.61428e+07	1499112920
48 40 40 40	2549474	3.47571e+06	756108	92573.1	1.94662e+08	1.70122e+07	2.3963e+07	757864577
48 40 40 50	3.63867e+06	5.47163e+06	910087	125728	2.1377e+08	2.12686e+07	3.46819e+07	1506303613
48 40 40 60	4.57346e+06	7.07283e+06	1.05779e+06	143849	2.73487e+08	3.19474e+07	4.41863e+07	1390881420
48 40 40 70	5.12641e+06	7.9104e+06	1.1345e+06	158239	2.45973e+08	4.22972e+07	5.11979e+07	1064114792
48 40 40 80	5.68315e+06	8.755e+06	1.19629e+06	171801	3.34736e+08	6.85439e+07	5.82204e+07	1066752482
48 40 50 50	4.12925e+06	6.38174e+06	942439	131339	2.28757e+08	3.18157e+07	4.21053e+07	887904324
48 40 50 60	5.31529e+06	8.34382e+06	1.09868e+06	161690	2.91249e+08	5.26592e+07	5.45763e+07	978729764
48 40 50 70	6.19802e+06	9.39335e+06	1.32091e+06	177249	2.52528e+08	9.00919e+07	6.32565e+07	1239262394
48 40 50 80	6.8997e+06	1.0338e+07	1.42241e+06	202505	3.38079e+08	1.33817e+08	7.19375e+07	1320754585
48 40 60 60	6.28865e+06	9.5001e+06	1.29699e+06	190049	2.54602e+08	9.14009e+07	6.50729e+07	1371529223
48 40 60 70	7.15907e+06	1.07311e+07	1.43343e+06	206557	2.8401e+08	1.50945e+08	7.53917e+07	1280236132
48 40 60 80	7.92909e+06	1.19209e+07	1.50964e+06	219749	3.57327e+08	1.99058e+08	8.57412e+07	1517057157
48 40 70 70	8.22601e+06	1.21427e+07	1.62722e+06	222855	3.39022e+08	2.18009e+08	8.74702e+07	1575672617
48 40 70 80	8.97501e+06	1.35141e+07	1.59236e+06	245137	3.61328e+08	2.85387e+08	9.94583e+07	1880337824
48 40 80 80	1.0156e+07	1.52389e+07	1.78564e+06	266743	4.18529e+08	3.76165e+08	1.13175e+08	1696608839
48 50 50 50	4.71369e+06	7.27951e+06	1.01237e+06	145957	2.29185e+08	4.65559e+07	5.09117e+07	1005937741
48 50 50 60	6.57323e+06	9887536	1.38193e+06	194026	3.03059e+08	1.11247e+08	6.76151e+07	1222939041
48 50 50 70	7.31633e+06	1.10514e+07	1.39091e+06	208362	3.33403e+08	1.72888e+08	7.8356e+07	1388498277
48 50 50 80	8.15613e+06	1.23284e+07	1.48875e+06	228425	3.02977e+08	2.17937e+08	8.91134e+07	1676413773
48 50 60 60	7.53374e+06	1.13775e+07	1.44488e+06	219190	3.88276e+08	1.80862e+08	8.05747e+07	1566839869
48 50 60 70	8.51249e+06	1.28152e+07	1.54858e+06	240596	3.34859e+08	2.49215e+08	9.34001e+07	1638915804
48 50 60 80	9.50155e+06	1.43345e+07	1.64828e+06	258787	3.17112e+08	3.17815e+08	1.06227e+08	2359785197
48 50 70 70	9657313	1.46657e+07	1.66988e+06	262548	3.86596e+08	3.43324e+08	1.0835e+08	1801258783
48 50 70 80	1.07336e+07	1.64452e+07	1.73146e+06	288283	4.23218e+08	4.34261e+08	1.23233e+08	1994377772
48 50 80 80	1.20989e+07	1.84834e+07	1.89131e+06	316032	4.33704e+08	5.62319e+08	1.40208e+08	2337954498
48 60 60 60	8.53492e+06	1.30139e+07	1.48017e+06	234898	3.62127e+08	2.48078e+08	9.55583e+07	1807453227
48 60 60 70	9.89692e+06	1.50086e+07	1.67952e+06	267828	3.47853e+08	3.41811e+08	1.11366e+08	1515087657
48 60 60 80	1.1005e+07	16891284	1.7554e+06	286937	3.68464e+08	4.56781e+08	1.26664e+08	2557815271
48 60 70 70	1.13229e+07	1.72218e+07	1.85041e+06	299492	4.00461e+08	4.61361e+08	1.292e+08	2398144924
48 60 70 80	1.26434e+07	1.93731e+07	1.95222e+06	331294	4.56745e+08	5.81684e+08	1.46952e+08	2220107247
48 60 80 80	1.42089e+07	2.18958e+07	2.09766e+06	367881	5.05001e+08	7.5544e+08	1.67278e+08	2561364241
48 70 70 70	1.30204e+07	1.98087e+07	2.06312e+06	327731	4.62477e+08	5.97294e+08	1.50142e+08	2207803828
48 70 70 80	1.45124e+07	2.24633e+07	2.13153e+06	369294	4.48765e+08	7.34546e+08	1.70738e+08	4052050176
48 70 80 80	1.64462e+07	2.54548e+07	2.36628e+06	421995	6.27783e+08	9.58331e+08	1.94273e+08	3353698336
48 80 80 80	1.86732e+07	2.89526e+07	2.61285e+06	457644	5.12628e+08	1.20384e+09	2.21355e+08	5014811875
16 80 80 90	5.55421e+07	9.23751e+07	4747216	1.04024e+06	1.35393e+09	6424326524	7.24504e+08	10212672210
16 80 80 100	6.10946e+07	1.02226e+08	4.79672e+06	1.16715e+06	1.47562e+09	7.28486e+09	8.02522e+08	11311274280
16 80 80 110	6.71001e+07	111762907	5.26459e+06	1.27553e+06	1.65993e+09	8.17284e+09	8.80823e+08	12547988303
16 80 80 120	72950910	1.21702e+08	5.92676e+06	1.39346e+06	1.77793e+09	8.94501e+09	9.59299e+08	13683033062
16 80 90 80	5.51346e+07	9.1991e+07	4.32636e+06	1.09486e+06	1.3731e+09	6.28466e+09	7.25743e+08	9968839986
16 80 90 90	6.19026e+07	1.03215e+08	4.76137e+06	1.1305e+06	1.49474e+09	7.37337e+09	8.13989e+08	11363464961
16 80 90 100	6.86081e+07	1.14359e+08	5.27697e+06	1.31901e+06	1.68109e+09	8.2479e+09	9.01647e+08	12734581469
16 80 90 110	7.53898e+07	1.25438e+08	5.98389e+06	1.39498e+06	1.87723e+09	9197551014	9.89622e+08	14468087957
16 80 90 120	8.19989e+07	1.36472e+08	6.42198e+06	1.5663e+06	1.91155e+09	1.01595e+10	1.07779e+09	15346323324
16 80 100 80	6.21126e+07	1.02447e+08	5.28512e+06	1.17193e+06	1.47403e+09	7.041e+09	8.04997e+08	10943570183
16 80 100 90	6.94708e+07	1.14755e+08	5.3895e+06	1.31649e+06	2.83552e+09	7459234664	9.02885e+08	12626300973
16 80 100 100	7.71162e+07	1.27187e+08	6.19749e+06	1.54273e+06	1.82655e+09	9.1765e+09	1.00077e+09	14105056673
16 80 100 110	8.4207e+07	1.39297e+08	6.52671e+06	1.56443e+06	1.9771e+09	10227282705	1.09842e+09	15487572091
16 80 100 120	9.18465e+07	1.51656e+08	7.2024e+06	1778788	2.23762e+09	1.12708e+10	1.19629e+09	16817676037
16 80 110 80	6.72339e+07	1.11826e+08	5.41442e+06	1.28118e+06	1.59e+09	7.93288e+09	8.84534e+08	12300017064
16 80 110 90	7.51699e+07	1.24985e+08	5.76381e+06	1.4101e+06	1.80307e+09	9.0863e+09	9.92096e+08	14000072465
16 80 110 100	8.33077e+07	1.38431e+08	6450894	1.57655e+06	1.99832e+09	1.02573e+10	1.09966e+09	15748359339
16 80 110 110	9.17422e+07	1.52082e+08	7.14876e+06	1.73277e+06	2.3353e+09	1.1326e+10	1.20722e+09	17222525431
16 80 110 120	1.00135e+08	1.65644e+08	7.87741e+06	1.88525e+06	2.44284e+09	1.24637e+10	1.31478e+09	18859871973
16 80 120 80	7.31181e+07	1.2194e+08	5.73146e+06	1.40492e+06	1.78103e+09	8686491258	9.64246e+08	13401744570
16 80 120 90	8.20313e+07	1.36531e+08	6.27551e+06	1.55088e+06	1.99958e+09	9927528989	1.0815e+09	15152432408
16 80 120 100	90924211	1.50664e+08	6.99931e+06	1.7351e+06	2.3873e+09	1.11907e+10	1.19876e+09	16740679877
16 80 120 110	9.98814e+07	165836618	7.63412e+06	1.86882e+06	2.38909e+09	1.23172e+10	1.31602e+09	18712427840
16 80 120 120	108530382	1.80142e+08	8.35647e+06	2.06036e+06	2.55581e+09	1.36042e+10	1.43328e+09	20286728484
16 90 80 80	5.54096e+07	9.21644e+07	4294786	1.00189e+06	1.39288e+09	6.01049e+09	7.25743e+08	9782438655
16 90 80 90	6.21408e+07	1.03754e+08	4.6857e+06	1.1066e+06	1.49129e+09	7.06631e+09	8.13989e+08	11248645911
16 90 80 100	6.88842e+07	1.14329e+08	5.29335e+06	1.24269e+06	1639773639	7.95792e+09	9.01647e+08	12538659177
16 90 80 110	7.56705e+07	1.25505e+08	5.74389e+06	1.34198e+06	1801246042	8.92104e+09	9.89622e+08	13823190429
16 90 80 120	8.25092e+07	1.36462e+08	6.38031e+06	1.49682e+06	1.97491e+09	9.79444e+09	1.07779e+09	15006477336
16 90 90 80	6.37605e+07	1.0435e+08	4.81887e+06	1.13626e+06	1.52014e+09	6.84574e+09	8.15379e+08	10915445999
16 90 90 90	7.14069e+07	1.1651e+08	5.37477e+06	1.28229e+06	1.65702e+09	7.97754e+09	9.14528e+08	12373879635
16 90 90 100	7.9284e+07	1.29348e+08	6.01943e+06	1.61519e+06	1.82529e+09	8.96015e+09	1.01302e+09	13873374623
16 90 90 110	8.70952e+07	1.41279e+08	6.71992e+06	1.52368e+06	2.03398e+09	1.0115e+10	1.11186e+09	15271661770
16 90 90 120	9.50097e+07	154157944	7.44902e+06	1.70256e+06	2.14031e+09	1.10896e+10	1.21093e+09	16968962880
16 90 100 80	6.91001e+07	1.14546e+08	5.37177e+06	1.24435e+06	1661618047	7.99072e+09	9.04423e+08	12437286201
16 90 100 90	7.7562e+07	1.28388e+08	6.22885e+06	1441874	1.86048e+09	9.1533e+09	1.0144e+09	14131105594
16 90 100 100	86321336	1.42174e+08	6831605	1.57792e+06	1.99427e+09	1.02858e+10	1.12439e+09	15691249488
16 90 100 110	9.44522e+07	1.56179e+08	7.12828e+06	1.73664e+06	2228638305	1.14147e+10	1.2341e+09	17400823183
16 90 100 120	102834275	1.69671e+08	7.79256e+06	1.87399e+06	2.3756e+09	12515275889	1.34406e+09	18817440800
16 90 110 80	7.69914e+07	1.26512e+08	5.96794e+06	1.35603e+06	1.78089e+09	8.82517e+09	9.93785e+08	12952677837
16 90 110 90	8.61842e+07	1.41164e+08	6.60984e+06	1.58903e+06	2030460260	1.01155e+10	1.11464e+09	15499484242
16 90 110 100	9.56318e+07	1.56493e+08	7.19817e+06	1.72798e+06	2.17102e+09	1.1284e+10	1.23549e+09	17283490615
16 90 110 110	1.05141e+08	1.7225e+08	7.61583e+06	1.76718e+06	2.39858e+09	1.26264e+10	1.35634e+09	18820592226
16 90 110 120	1.14358e+08	1.8648e+08	8.74052e+06	2.16081e+06	2.67955e+09	1.35777e+10	1.47719e+09	20852944894
16 90 120 80	8.27983e+07	1.36677e+08	6.694e+06	1.694e+06	1.95681e+09	9.83277e+09	1.08334e+09	15112221317
16 90 120 90	9.30167e+07	153426327	7654013	1.74734e+06	2.20144e+09	1.12213e+10	1.21509e+09	17067887712
16 90 120 100	1.0274e+08	1.6979e+08	8.56563e+06	1.94906e+06	2.3786e+09	1.26313e+10	1.34683e+09	19013141604
16 90 120 110	1.12398e+08	1.85807e+08	8.70671e+06	2.0731e+06	2.59778e+09	1.39362e+10	1.47858e+09	20804414310
16 90 120 120	1.22254e+08	2.02451e+08	8.79323e+06	2.32312e+06	2.8044e+09	1.51918e+10	1.61032e+09	22758681220
16 100 80 80	6.30418e+07	1.03015e+08	4.71391e+06	1.12806e+06	1.52438e+09	6.67679e+09	8.04997e+08	10514515871
16 100 80 90	7.13363e+07	1.15378e+08	5.78443e+06	1.22385e+06	1.67233e+09	7.91701e+09	9.02884e+08	12189012144
16 100 80 100	7.84833e+07	1.27671e+08	6.04155e+06	1.43648e+06	1.86178e+09	8.88115e+09	1.00077e+09	13540993988
16 100 80 110	8.61088e+07	1.40014e+08	6.38339e+06	1.50637e+06	1933071622	9.93725e+09	1.09842e+09	14958631697
16 100 80 120	9.38464e+07	1.51953e+08	7.16576e+06	1.73937e+06	2352297224	10677815399	1.19629e+09	16571801040
16 100 90 80	6.95371e+07	1.14891e+08	5.16568e+06	1.22187e+06	1.68803e+09	7.91822e+09	9.04423e+08	12502536861
16 100 90 90	7.82596e+07	1.28319e+08	6.02011e+06	1.40814e+06	1.74606e+09	9.14631e+09	1.0144e+09	14042281912
16 100 90 100	8.68603e+07	1.42292e+08	6.67225e+06	1.54153e+06	2.18263e+09	1.02136e+10	1.12439e+09	15575690002
16 100 90 110	9.53112e+07	156379525	7.19418e+06	1730585	2.27198e+09	1.13191e+10	1.2341e+09	17374957392
16 100 90 120	1.03565e+08	1.70134e+08	7.83656e+06	1.8873e+06	2.33941e+09	1.25278e+10	1.34406e+09	18680876464
16 100 100 80	7.87102e+07	1.28026e+08	6.01365e+06	1.33051e+06	1.88104e+09	8843479141	1.00385e+09	13681593054
16 100 100 90	88028770	142982906	6690450	1.58919e+06	2.03588e+09	10160935541	1.12593e+09	15569481731
16 100 100 100	9.76418e+07	1.58188e+08	7.2747e+06	1.68109e+06	2.20964e+09	1.14033e+10	1.24827e+09	17400103723
16 100 100 110	1.0756e+08	1.73708e+08	8.09014e+06	1.83664e+06	2.42304e+09	1.27049e+10	1.36978e+09	19534433311
16 100 100 120	1.16989e+08	1.88731e+08	8.90663e+06	2.08963e+06	2.63461e+09	1.39579e+10	1.49183e+09	20909824629
16 100 110 80	8.49888e+07	1.39488e+08	6.46964e+06	1.4899e+06	1.99667e+09	9.89589e+09	1.10304e+09	15236097383
16 100 110 90	9.52119e+07	1.56416e+08	7.08842e+06	1.69109e+06	2.16288e+09	1.13426e+10	1.23718e+09	17246858890
16 100 110 100	1.06095e+08	1.73299e+08	8.10272e+06	1.90925e+06	2.45608e+09	1.2772e+10	1.37132e+09	19302498718
16 100 110 110	1.15817e+08	1.89687e+08	8.60133e+06	2.10771e+06	2.8358e+09	1.41279e+10	1.50546e+09	21511129434
16 100 110 120	1.26917e+08	206939684	1.01322e+07	2.2506e+06	2910577456	15350490190	1.6396e+09	23031436352
16 100 120 80	9.4163e+07	1.52322e+08	7.17394e+06	1.68809e+06	2.16912e+09	1.09153e+10	1.20244e+09	16595168691
16 100 120 90	1.06082e+08	1.71646e+08	8.15867e+06	1.83983e+06	2.3985e+09	1.2452e+10	1.34867e+09	18603718977
16 100 120 100	1.17219e+08	1.89304e+08	8607942	2.02418e+06	2677018908	1.3995e+10	1.4949e+09	20724047967
16 100 120 110	1.28579e+08	2.07133e+08	9.43182e+06	2.31719e+06	2.89123e+09	1.54572e+10	1.64114e+09	23347156876
16 100 120 120	1.39692e+08	2.25749e+08	1.01052e+07	2.41651e+06	3.14174e+09	1.68453e+10	1.78737e+09	25179062938
16 110 80 80	6.85357e+07	1.12414e+08	5.17846e+06	1.25416e+06	1.59851e+09	7.54561e+09	8.84534e+08	11976844689
16 110 80 90	7.66341e+07	1.25754e+08	5.39407e+06	1.30327e+06	1.79902e+09	8.76656e+09	9.92096e+08	13608940557
16 110 80 100	8.54774e+07	1.39438e+08	6.61185e+06	1.48503e+06	2.06653e+09	9.83455e+09	1.09966e+09	15099424400
16 110 80 110	9.34191e+07	1.53176e+08	6.71025e+06	1.64467e+06	2.98324e+09	1.01578e+10	1.20722e+09	16743821926
16 110 80 120	1.01711e+08	1.6636e+08	7.32565e+06	1.77384e+06	2.28957e+09	1.20981e+10	1.31478e+09	18238714541
16 110 90 80	7.80421e+07	126429539	5.92325e+06	1.3616e+06	1.77359e+09	8.73859e+09	9.93785e+08	13548450011
16 110 90 90	8.78312e+07	1.41456e+08	6.55133e+06	1518113	1.98803e+09	1.00141e+10	1.11464e+09	15467778104
16 110 90 100	9.72538e+07	1.56809e+08	6.98198e+06	1.66766e+06	2.26621e+09	1.12368e+10	1.23549e+09	16839002587
16 110 90 110	1.06957e+08	1.7228e+08	7.58842e+06	1.74835e+06	2.38769e+09	1.2468e+10	1.35634e+09	18782523064
16 110 90 120	1.16168e+08	1.86813e+08	8.60918e+06	2.09013e+06	2.60901e+09	1.37019e+10	1.47719e+09	20477204312
16 110 100 80	8.53352e+07	1.39877e+08	6.14608e+06	1.44304e+06	2.06826e+09	9.82693e+09	1.10304e+09	15107898676
16 110 100 90	9.59744e+07	1.56358e+08	7.0901e+06	1.70186e+06	2.18022e+09	1.12465e+10	1.23718e+09	17067889645
16 110 100 100	106544783	1.736e+08	7.93856e+06	1890477	2.43402e+09	1.26848e+10	1.37132e+09	19080620739
16 110 100 110	1.16878e+08	1.90077e+08	8.54262e+06	2.06569e+06	2.64275e+09	1.40413e+10	1.50546e+09	21042199658
16 110 100 120	127305405	2.06687e+08	9.37514e+06	2.24391e+06	2.89951e+09	1.5396e+10	1.6396e+09	22845342934
16 110 110 80	9.53849e+07	153550564	6.85215e+06	1576269	2.21425e+09	1.09035e+10	1.21229e+09	16537344834
16 110 110 90	1.07248e+08	1.71539e+08	8.07471e+06	1.95213e+06	2.40601e+09	1.25051e+10	1.35972e+09	18861657369
16 110 110 100	1.1881e+08	1.90328e+08	8.60413e+06	2.03148e+06	2.71813e+09	1.40089e+10	1.50715e+09	21064842875
16 110 110 110	130842325	2.09067e+08	9.70066e+06	2.30853e+06	2.91487e+09	1.54386e+10	1.65458e+09	23649605099
16 110 110 120	1.42167e+08	2.275e+08	1.02163e+07	2.52409e+06	3.13712e+09	1.69373e+10	1.80201e+09	25356857005
16 110 120 80	1.02461e+08	1.66188e+08	7.73571e+06	1.86167e+06	2.27338e+09	1.20129e+10	1.32154e+09	18359152857
16 110 120 90	1.14675e+08	1.86544e+08	8.42395e+06	2.08011e+06	2.62602e+09	1.38606e+10	1.48226e+09	20649214277
16 110 120 100	1.27066e+08	2.06656e+08	9.10095e+06	2.23664e+06	2.87211e+09	1.54252e+10	1.64298e+09	23231550834
16 110 120 110	139866250	2.2666e+08	1.01011e+07	2.50714e+06	3.16702e+09	1.69025e+10	1.8037e+09	25536216478
16 110 120 120	1.52557e+08	2.47144e+08	1.14377e+07	2.667e+06	3.46161e+09	1.85589e+10	1.96441e+09	27895924577
16 120 80 80	7.59491e+07	122601938	5.51225e+06	1.25591e+06	1.76001e+09	8.34403e+09	9.64246e+08	12842450409
16 120 80 90	8.52818e+07	1.37064e+08	6.28574e+06	1.4461e+06	1.92084e+09	9.62678e+09	1.0815e+09	14790684564
16 120 80 100	9.41244e+07	1.51555e+08	6.66013e+06	1.59054e+06	2.16629e+09	1.07438e+10	1.19876e+09	16767836947
16 120 80 110	1.03839e+08	1.66717e+08	7.7784e+06	1.71779e+06	2.3286e+09	1.20608e+10	1.31602e+09	18219090169
16 120 80 120	113050063	1.81313e+08	8.37684e+06	1.92251e+06	2.50596e+09	1.32626e+10	1.43328e+09	20104022160
16 120 90 80	8.43173e+07	1.37255e+08	5.96162e+06	1.48582e+06	1.9626e+09	9.6434e+09	1.08334e+09	14799275765
16 120 90 90	9.53254e+07	1.53816e+08	7.67409e+06	1.66955e+06	2.27583e+09	1.09315e+10	1.21509e+09	16918493963
16 120 90 100	1.05071e+08	1.69896e+08	7.62638e+06	1.85545e+06	2.33944e+09	1.22822e+10	1.34683e+09	18682527686
16 120 90 110	1.15298e+08	1.86855e+08	8.00185e+06	1.9633e+06	2.69698e+09	1.37257e+10	1.47858e+09	20809207558
16 120 90 120	1.2573e+08	2.03344e+08	8.72349e+06	2.15478e+06	2.79937e+09	1.50877e+10	1.61032e+09	22446415154
16 120 100 80	9.52855e+07	1.51915e+08	7.6587e+06	1.66465e+06	2.14934e+09	1.08227e+10	1.20244e+09	16511221288
16 120 100 90	1.0695e+08	1.7073e+08	7.59312e+06	1.82652e+06	2.42068e+09	1.22685e+10	1.34867e+09	18747448476
16 120 100 100	1.18829e+08	1.89158e+08	8.45735e+06	1.98791e+06	2.64574e+09	1.38148e+10	1.4949e+09	20766274011
16 120 100 110	1.30269e+08	2.06965e+08	9.2424e+06	2.30676e+06	2.88727e+09	1.52656e+10	1.64114e+09	23042646388
16 120 100 120	1.41626e+08	2.25413e+08	9.65256e+06	2.33892e+06	3.0924e+09	1.6815e+10	1.78737e+09	24943251826
16 120 110 80	1.03168e+08	1.66853e+08	7.31811e+06	1.7494e+06	2.3098e+09	1.20726e+10	1.32154e+09	18342229834
16 120 110 90	1.15892e+08	1.86881e+08	8.17819e+06	2.0366e+06	2.63955e+09	1.37334e+10	1.48226e+09	20756629740
16 120 110 100	1.29449e+08	2.07185e+08	9.94786e+06	2.20524e+06	2.8938e+09	1.5283e+10	1.64298e+09	22794507517
16 120 110 110	1.41206e+08	2.26849e+08	9.88127e+06	2.47096e+06	3.1403e+09	1.70183e+10	1.8037e+09	25099857478
16 120 110 120	1.53944e+08	2.46832e+08	1.07085e+07	2.62552e+06	3.51805e+09	1.85617e+10	1.96441e+09	27619953133
16 120 120 80	1.13113e+08	1.81578e+08	8.32623e+06	1.96461e+06	2.54795e+09	1.3317e+10	1.44064e+09	20036955953
16 120 120 90	1.26845e+08	2.03737e+08	8.91383e+06	2.09436e+06	2.85481e+09	1.50219e+10	1.61584e+09	22849318787
16 120 120 100	1.40874e+08	2.25375e+08	9.97933e+06	2451611	3.11688e+09	1.65723e+10	1.79105e+09	24971936619
16 120 120 110	1.55467e+08	2.46737e+08	1.12784e+07	2.65458e+06	3.36354e+09	1.86424e+10	1.96625e+09	27663106926
16 120 120 120	1.69013e+08	2.69615e+08	1.23147e+07	2.90605e+06	3.71682e+09	2.03566e+10	2.14146e+09	30262185556
32 80 80 90	2.92542e+07	4.79557e+07	3.19531e+06	605522	8.14416e+08	2.04894e+09	3.682e+08	4614089567
32 80 80 100	3.22411e+07	5.3044e+07	3.41092e+06	671059	9.85403e+08	2.38104e+09	4.07822e+08	5019522112
32 80 80 110	3.5342e+07	5.79024e+07	3660600	713161	9.54663e+08	2.75452e+09	4.47589e+08	5459018035
32 80 80 120	3.83104e+07	6.28729e+07	3.85656e+06	775641	1.00917e+09	3.07645e+09	4.87445e+08	6253898145
32 80 90 80	2.91239e+07	4.81092e+07	3.10367e+06	609541	8.78183e+08	2.10019e+09	3.682e+08	4595374584
32 80 90 90	3.27914e+07	5.37643e+07	3.54103e+06	657521	9.46085e+08	2.48208e+09	4.12943e+08	5362214485
32 80 90 100	3.61745e+07	5.93164e+07	3.87402e+06	734968	9.20562e+08	2.83109e+09	4.57385e+08	5901600925
32 80 90 110	3.94557e+07	6.49914e+07	3.93985e+06	786635	1.00984e+09	3.29279e+09	5.01988e+08	6334626492
32 80 90 120	4.29001e+07	7.05973e+07	4.23536e+06	853710	1.04484e+09	3.59249e+09	5.46692e+08	6943820227
32 80 100 80	3.27392e+07	5.3246e+07	3.51427e+06	666519	8.49517e+08	2.41961e+09	4.07822e+08	5107379656
32 80 100 90	3.66229e+07	5.98318e+07	3.83457e+06	736695	928668764	2.79476e+09	4.57384e+08	5661811717
32 80 100 100	4.04108e+07	6.60732e+07	4.07996e+06	801684	9.90046e+08	3.23435e+09	5.06947e+08	6181507672
32 80 100 110	4.49542e+07	7.22227e+07	4.84025e+06	880786	1.1507e+09	3.66529e+09	5.56387e+08	7100213097
32 80 100 120	48421201	7.83721e+07	4.79469e+06	944491	1.15562e+09	4.1697e+09	6.05939e+08	7499964121
32 80 110 80	3.53611e+07	5.81044e+07	3.71452e+06	706481	980800407	2.71286e+09	4.47589e+08	5777636616
32 80 110 90	3.94396e+07	6.48869e+07	3.94141e+06	784454	1.03848e+09	3.20716e+09	5.01988e+08	6375585411
32 80 110 100	4.35598e+07	7.19714e+07	4.21992e+06	855613	1.13714e+09	3.75378e+09	5.56387e+08	7152309065
32 80 110 110	4.7792e+07	7.86998e+07	4.58099e+06	936913	1.17715e+09	4.24819e+09	6.10787e+08	7966264732
32 80 110 120	5.19495e+07	8.56892e+07	4.94837e+06	1.03721e+06	1.22255e+09	4.79302e+09	6.65186e+08	8548883521
32 80 120 80	3.82051e+07	6.32672e+07	3.80571e+06	750164	9.94622e+08	3.10103e+09	4.87445e+08	6147377074
32 80 120 90	4.28222e+07	7.07916e+07	4.14354e+06	837998	1.075e+09	3.5951e+09	5.46692e+08	6892397325
32 80 120 100	4.72806e+07	7.81207e+07	4.52401e+06	943251	1.18324e+09	4.21714e+09	6.05939e+08	7709868046
32 80 120 110	5.18845e+07	8.53757e+07	4.96654e+06	1.04179e+06	1.27744e+09	4.80265e+09	6.65186e+08	8595037938
32 80 120 120	5.65361e+07	9.29835e+07	5.39146e+06	1.0968e+06	1.32085e+09	5.40684e+09	7.24433e+08	9439919412
32 90 80 80	2.93995e+07	4.81578e+07	3.20591e+06	591881	8.18494e+08	2.02451e+09	3.6885e+08	4585331511
32 90 80 90	3.27304e+07	5.37955e+07	3.36395e+06	669835	8.75536e+08	2.3959e+09	4.13668e+08	5172453665
32 90 80 100	3.61659e+07	5.96019e+07	3.6144e+06	711750	9.28096e+08	2.68562e+09	4.58184e+08	5609798823
32 90 80 110	3.95298e+07	6.49789e+07	3.82291e+06	784097	9.34087e+08	3.0806e+09	5.02863e+08	6309528983
32 90 80 120	4.312e+07	7.06073e+07	4.2561e+06	847316	1.09006e+09	3.50312e+09	5.47642e+08	6862752767
32 90 90 80	3.33101e+07	5.42607e+07	3.36914e+06	652389	1.0286e+09	2.35562e+09	4.13668e+08	5000109951
32 90 90 90	3.75013e+07	6.07346e+07	3.78354e+06	710907	920004215	2.86675e+09	4.63937e+08	5690933754
32 90 90 100	4.12749e+07	6.70599e+07	3.95738e+06	789841	1.0394e+09	3.23385e+09	5.13869e+08	6308529671
32 90 90 110	4.53496e+07	7.32407e+07	4.28664e+06	849156	1.04856e+09	3.72785e+09	5.63982e+08	7165190080
32 90 90 120	4.9627e+07	7.97676e+07	4.80357e+06	937589	1.21855e+09	4.08928e+09	6.14208e+08	7513160142
32 90 100 80	3.61276e+07	5.95344e+07	3.64511e+06	705853	9.68172e+08	2.82066e+09	4.58184e+08	5742227527
32 90 100 90	4.03798e+07	6.65344e+07	3.95114e+06	775812	9.86082e+08	3.1956e+09	5.13869e+08	6495218424
32 90 100 100	4.46532e+07	7.37572e+07	4.23264e+06	873672	1.07493e+09	3.7102e+09	5.69554e+08	7174933944
32 90 100 110	4.92079e+07	8.06409e+07	4.81818e+06	947697	1.23579e+09	4.2672e+09	6.25102e+08	8182186127
32 90 100 120	5.34344e+07	8.75914e+07	5.08281e+06	1.02394e+06	1.23442e+09	4.84314e+09	6.80775e+08	8756600579
32 90 110 80	3.98164e+07	6.54634e+07	3.94637e+06	768929	9.90471e+08	3.15783e+09	5.02863e+08	6031930181
32 90 110 90	4.46895e+07	7.31415e+07	4.36773e+06	840417	1.09292e+09	3.72781e+09	5.63982e+08	7170226948
32 90 110 100	4.92338e+07	8.08524e+07	4.61302e+06	927471	1.27715e+09	4.30637e+09	6.25102e+08	7989236290
32 90 110 110	5.41733e+07	8.85367e+07	5.17755e+06	1.02431e+06	1.23809e+09	4.90497e+09	6.86221e+08	8983864803
32 90 110 120	5.87643e+07	9.63185e+07	5.45088e+06	1.11291e+06	1.40074e+09	5.43041e+09	7.4734e+08	9606230182
32 90 120 80	4.2982e+07	70968346	4.1846e+06	847313	1.09777e+09	3.54338e+09	5.47642e+08	6832516715
32 90 120 90	4.80398e+07	7.94658e+07	4.56916e+06	919437	1.18136e+09	4.24248e+09	6.14208e+08	7783529112
32 90 120 100	5.32094e+07	8.78914e+07	4991872	1.01323e+06	1.33868e+09	4.97876e+09	6.80775e+08	8883637025
32 90 120 110	5.83605e+07	9.61697e+07	5.47966e+06	1.11772e+06	1.41282e+09	5.47574e+09	7.4734e+08	9689502045
32 90 120 120	6.36555e+07	1.04167e+08	5.9119e+06	1.21757e+06	1.41775e+09	6.08551e+09	8.13907e+08	10650539772
32 100 80 80	3.35026e+07	5.37617e+07	3.53141e+06	660848	8.93673e+08	2.25004e+09	4.0912e+08	5000216255
32 100 80 90	3.73237e+07	5.9843e+07	3.78e+06	717226	9.56881e+08	2.72246e+09	4.58833e+08	6036338344
32 100 80 100	4.13823e+07	6.639e+07	4.13336e+06	782140	1.01629e+09	3.12451e+09	5.08546e+08	6095486474
32 100 80 110	4.51977e+07	7.2639e+07	4.33713e+06	831058	1.12176e+09	3.48018e+09	5.58137e+08	7044240225
32 100 80 120	4.93117e+07	7.88561e+07	4.66295e+06	921256	1.14528e+09	3.93356e+09	6.0784e+08	7457480829
32 100 90 80	3.64538e+07	6.00226e+07	3.60119e+06	702529	9.47948e+08	2.75824e+09	4.58833e+08	5784826103
32 100 90 90	4.07227e+07	6.68488e+07	3.88967e+06	780244	1.06662e+09	3.19181e+09	5.14593e+08	6539380175
32 100 90 100	4.53709e+07	7.4078e+07	4.44621e+06	849099	1.14752e+09	3.73931e+09	5.70353e+08	7197597612
32 100 90 110	4.95285e+07	8.09962e+07	4.6415e+06	925552	1210456111	4.19762e+09	6.25977e+08	7921845840
32 100 90 120	5.39191e+07	8.79701e+07	5.09489e+06	1.02574e+06	1.24519e+09	4.78251e+09	6.81725e+08	8656916981
32 100 100 80	4.05648e+07	6.64036e+07	4007953	758966	1.01259e+09	3.17169e+09	5.08546e+08	6282789812
32 100 100 90	4.54316e+07	7.40225e+07	4.42465e+06	842534	1.12667e+09	3.6878e+09	5.70353e+08	7026625377
32 100 100 100	5.01805e+07	8.19345e+07	4.73278e+06	956111	1.18982e+09	4.28004e+09	6.3216e+08	8084286172
32 100 100 110	5.50821e+07	8.96596e+07	5.08603e+06	1.02848e+06	1.30905e+09	4.79586e+09	6.93816e+08	8947121493
32 100 100 120	59931683	9.74466e+07	5.41453e+06	1.08395e+06	1.39206e+09	5.45551e+09	7.5561e+08	9701892158
32 100 110 80	4.45197e+07	7.25651e+07	4.5989e+06	814240	1.12984e+09	3.55756e+09	5.58137e+08	7114115831
32 100 110 90	4.93977e+07	8.10397e+07	4.62375e+06	912531	1.19167e+09	4.15898e+09	6.25976e+08	8170464676
32 100 110 100	5.47298e+07	8.95924e+07	5.12483e+06	1.03268e+06	1.30476e+09	4.92729e+09	6.93816e+08	8960635717
32 100 110 110	5.98787e+07	9.78203e+07	5.3593e+06	1.09904e+06	1399807119	5.52045e+09	7.61655e+08	10004446870
32 100 110 120	6.51939e+07	1.06664e+08	5.89997e+06	1.22535e+06	1.46577e+09	6.19372e+09	8.29495e+08	10782270572
32 100 120 80	4.91729e+07	7.90166e+07	4.60346e+06	892792	1.1947e+09	3.9179e+09	6.07839e+08	7475744652
32 100 120 90	5.5176e+07	8.83478e+07	5.1325e+06	999560	1.30874e+09	4.77349e+09	6.81725e+08	8675714904
32 100 120 100	6.10525e+07	9.78824e+07	5.50813e+06	1.09286e+06	1.41289e+09	5.42489e+09	7.5561e+08	11149661861
32 100 120 110	6.68702e+07	1.06615e+08	6.0747e+06	1.22508e+06	1.43368e+09	6.16301e+09	8.29495e+08	10692063384
32 100 120 120	7.33562e+07	1.16423e+08	6.66756e+06	1.31939e+06	1.51294e+09	6.90908e+09	9.0338e+08	11799514213
32 110 80 80	3.62436e+07	5.89191e+07	3.65591e+06	698189	9.13775e+08	2.51909e+09	4.49534e+08	5450459179
32 110 80 90	40574320	6.58494e+07	3.96603e+06	763396	9.87979e+08	3.04937e+09	5.0416e+08	6343199578
32 110 80 100	4.5019e+07	7.25647e+07	4.35357e+06	840962	1.0795e+09	3.49142e+09	5.58785e+08	7065017809
32 110 80 110	4.92713e+07	7.93771e+07	4.74915e+06	925382	1.19927e+09	4.06588e+09	6.13411e+08	7643365365
32 110 80 120	5.35992e+07	8.65535e+07	5.01205e+06	994921	1.27391e+09	4.50868e+09	6.68037e+08	8346291223
32 110 90 80	4.04703e+07	6.58679e+07	3.93494e+06	753563	9.96591e+08	2.99001e+09	5.0416e+08	6093885570
32 110 90 90	4.53967e+07	7.34778e+07	4.35926e+06	825589	1.14236e+09	3.62712e+09	5.6543e+08	7026380034
32 110 90 100	5.00936e+07	8.09931e+07	4.65693e+06	917584	1.15353e+09	4.20236e+09	6.26701e+08	7791439134
32 110 90 110	5.51659e+07	8.87419e+07	5.10132e+06	1.00809e+06	1.2632e+09	4.82913e+09	6.87971e+08	8888628328
32 110 90 120	6.01312e+07	9.66086e+07	5.59075e+06	1.08904e+06	1401629865	5.30252e+09	7.49241e+08	9560434818
32 110 100 80	4.48473e+07	7.2459e+07	4.43179e+06	833080	1.0902e+09	3.5003e+09	5.58785e+08	6996996662
32 110 100 90	4.99268e+07	8.11281e+07	4.70732e+06	916458	1.25928e+09	4.18756e+09	6.267e+08	7795115826
32 110 100 100	5.54411e+07	8.99837e+07	5.08095e+06	1017598	1267206411	4.82239e+09	6.94615e+08	9114250438
32 110 100 110	6.0771e+07	9.83091e+07	5.62396e+06	1.10039e+06	1.3996e+09	5.45426e+09	7.6253e+08	9820691889
32 110 100 120	6.61136e+07	1.0679e+08	5.9961e+06	1.19741e+06	1.47029e+09	5.98983e+09	8.30445e+08	10683924903
32 110 110 80	4.99049e+07	7.98215e+07	4.77569e+06	922788	1.16107e+09	3.96634e+09	6.13411e+08	7774153421
32 110 110 90	5.59974e+07	8.92776e+07	5.15862e+06	1.01043e+06	1.25817e+09	4.64352e+09	6.87971e+08	8523184290
32 110 110 100	6.19097e+07	9.88325e+07	5.63375e+06	1.11796e+06	1.3237e+09	5.41065e+09	7.6253e+08	9620299082
32 110 110 110	6.82816e+07	1.07859e+08	6.07742e+06	1.17627e+06	1.48166e+09	6.24257e+09	8.3709e+08	10893055533
32 110 110 120	7.39225e+07	1.17277e+08	6.53027e+06	1.31506e+06	1.55553e+09	6.97286e+09	9.11649e+08	11598195217
32 110 120 80	5.29848e+07	8.6314e+07	4.84339e+06	955196	1.28854e+09	4.60702e+09	6.68037e+08	8336909562
32 110 120 90	5.94286e+07	9.65393e+07	5.39906e+06	1.10434e+06	1.63373e+09	5.32835e+09	7.49241e+08	9633582887
32 110 120 100	6.59866e+07	1.06943e+08	6.07048e+06	1186645	1.52392e+09	6.12195e+09	8.30445e+08	10550385855
32 110 120 110	7.24645e+07	1.17087e+08	6.52038e+06	1.2947e+06	1.60215e+09	6.81504e+09	9.11649e+08	12172882743
32 110 120 120	7.86875e+07	1.26982e+08	7.00009e+06	1.42949e+06	1.71807e+09	7.73583e+09	9.92853e+08	13183579637
32 120 80 80	39554547	6.38753e+07	3.87195e+06	741178	1.00538e+09	2.89101e+09	4.90039e+08	6123911826
32 120 80 90	4.43495e+07	7.13986e+07	4.22029e+06	811546	1.08082e+09	3.39614e+09	5.49588e+08	6742652138
32 120 80 100	4.90421e+07	7.8944e+07	4.54014e+06	890623	1.19472e+09	3.96778e+09	6.09137e+08	7685209354
32 120 80 110	5.38119e+07	8.63843e+07	5.01282e+06	980026	1.28616e+09	4.39434e+09	6.68685e+08	8560510354
32 120 80 120	5.84009e+07	9.40934e+07	5.227e+06	1.04385e+06	1.39835e+09	5.03181e+09	7.28234e+08	9160391725
32 120 90 80	4.4042e+07	7.13521e+07	4.11064e+06	800528	1.04337e+09	3.47384e+09	5.49588e+08	6817724545
32 120 90 90	4.93528e+07	7.97696e+07	4.47738e+06	908688	1.17985e+09	4.02332e+09	6.1638e+08	7727514149
32 120 90 100	5.47411e+07	8.8266e+07	5037363	992004	1.2732e+09	4.53846e+09	6.83173e+08	8793726776
32 120 90 110	6.0288e+07	9.64893e+07	5.46273e+06	1088335	1.39037e+09	5.20165e+09	7.49965e+08	9424533526
32 120 90 120	6.53283e+07	1.05207e+08	5.80916e+06	1.15406e+06	1.46373e+09	5.78844e+09	8.16757e+08	10440133446
32 120 100 80	4.98334e+07	7.91997e+07	4.60104e+06	883548	1.11069e+09	3.97851e+09	6.09137e+08	7579782880
32 120 100 90	5.57214e+07	8.84741e+07	5.01309e+06	987969	1.24404e+09	4.63168e+09	6.83172e+08	8457462396
32 120 100 100	6.17328e+07	9.78389e+07	5.43993e+06	1.08619e+06	1.35034e+09	5.31757e+09	7.57208e+08	9520555939
32 120 100 110	6.7989e+07	1.07163e+08	6.07232e+06	1.18259e+06	1.47248e+09	6.03844e+09	8.31244e+08	10592098562
32 120 100 120	7.40468e+07	1.16103e+08	6.49503e+06	1.34002e+06	1.55649e+09	6.72591e+09	9.0528e+08	11634806276
32 120 110 80	5.37527e+07	8.65062e+07	4.95869e+06	953426	1.27457e+09	4.49572e+09	6.68685e+08	8330070823
32 120 110 90	6.0224e+07	9.65604e+07	5.37328e+06	1.07143e+06	1.39432e+09	5.27756e+09	7.49965e+08	9350421706
32 120 110 100	6.67987e+07	1.071e+08	5.94243e+06	1.16459e+06	1.44862e+09	6.05072e+09	8.31244e+08	10626194871
32 120 110 110	7.31062e+07	1.17013e+08	6.36868e+06	1.29249e+06	1.61342e+09	6.84373e+09	9.12524e+08	12474198820
32 120 110 120	7.97601e+07	1.27284e+08	7.01616e+06	1.41868e+06	1.6878e+09	7.70836e+09	9.93803e+08	13152222488
32 120 120 80	5.85261e+07	94011373	5.2095e+06	1.01842e+06	1.29822e+09	5.16872e+09	7.28234e+08	9128078231
32 120 120 90	6.57314e+07	1.05005e+08	5.79708e+06	1.16215e+06	1.4204e+09	5.82781e+09	8.16757e+08	10397834506
32 120 120 100	7.25143e+07	1.15948e+08	6.24691e+06	1.31767e+06	1.5451e+09	6.80668e+09	9.0528e+08	11659607055
32 120 120 110	8.00667e+07	1.27409e+08	7.01855e+06	1.42644e+06	1.71398e+09	7.72081e+09	9.93803e+08	12890162618
32 120 120 120	8.69034e+07	1.38582e+08	7.50832e+06	1.52939e+06	1.71631e+09	8.59338e+09	1.08233e+09	14171905941
48 80 80 90	2.06957e+07	3.23295e+07	2.82124e+06	500753	5.52705e+08	1.40604e+09	2.48128e+08	3372968392
48 80 80 100	2.26548e+07	3.57028e+07	2.96392e+06	550744	5.52453e+08	1.65898e+09	2.74816e+08	3911590722
48 80 80 110	2.48867e+07	3.91058e+07	3227564	587601	5.83308e+08	1.94149e+09	3.01602e+08	4326831849
48 80 80 120	2.66623e+07	4.242e+07	3.20239e+06	642817	6.45108e+08	2.18977e+09	3.2845e+08	4462875641
48 80 90 80	2.04037e+07	3.2295e+07	2.67779e+06	498286	5.23322e+08	1.43839e+09	2.48197e+08	3541054646
48 80 90 90	2.28008e+07	3.61771e+07	2.95558e+06	552308	6.14131e+08	1.72327e+09	2.78343e+08	4039206011
48 80 90 100	2.51056e+07	3.99621e+07	3.15214e+06	605773	5.9788e+08	2.00774e+09	3.08284e+08	4242414299
48 80 90 110	2.76385e+07	4.37381e+07	3.53516e+06	661426	6.20441e+08	2.32627e+09	3.38335e+08	4571017456
48 80 90 120	2.97365e+07	4.75777e+07	3.58496e+06	710274	6.60861e+08	2.63603e+09	3.68455e+08	4886346989
48 80 100 80	2.24073e+07	3.57176e+07	2815261	545345	5.48291e+08	1.66856e+09	2.74929e+08	4303206542
48 80 100 90	2.49955e+07	3.9945e+07	3.07685e+06	601246	6.18415e+08	2.02504e+09	3.08257e+08	4140628956
48 80 100 100	2.7829e+07	4.42057e+07	3.49564e+06	661198	6.1959e+08	2.33911e+09	3.41645e+08	4619062551
48 80 100 110	3.02666e+07	4.84004e+07	3.62977e+06	714670	6.80064e+08	2.73988e+09	3.74951e+08	5243477883
48 80 100 120	3.2712e+07	5.25523e+07	3.78562e+06	796516	7.24496e+08	3.00745e+09	4.08333e+08	5580595550
48 80 110 80	2.46171e+07	3.92886e+07	3.08622e+06	594359	6.05662e+08	1.92566e+09	3.01638e+08	4105297530
48 80 110 90	27546305	4.39551e+07	3.40813e+06	658600	6.57285e+08	2.31047e+09	3.38281e+08	4559796234
48 80 110 100	3.02564e+07	4.86078e+07	3.57975e+06	727536	6.67631e+08	2.73802e+09	3.74924e+08	4977263078
48 80 110 110	33063469	5.31051e+07	3.80606e+06	785014	7.22109e+08	3.00945e+09	4.11568e+08	5529132112
48 80 110 120	3.60023e+07	5.76304e+07	4.1181e+06	848254	7.23569e+08	3.50823e+09	4.48211e+08	5884079996
48 80 120 80	2.65407e+07	4.26424e+07	3.23585e+06	635194	5.72806e+08	2.22948e+09	3.28554e+08	4414392147
48 80 120 90	2.95838e+07	4.76855e+07	3.45511e+06	705508	6.32075e+08	2.6388e+09	3.6847e+08	4807751734
48 80 120 100	3.2723e+07	5.27471e+07	3.81303e+06	785081	6.95021e+08	3.02432e+09	4.08385e+08	5499659097
48 80 120 110	3.57918e+07	5.76435e+07	4.05146e+06	847169	7.24665e+08	3.51824e+09	4.483e+08	5904316184
48 80 120 120	3.89353e+07	6.25689e+07	4.36135e+06	926745	8.18592e+08	3.8845e+09	4.88216e+08	6490800928
48 90 80 80	2.1019e+07	3.24101e+07	3.10598e+06	488770	5.80895e+08	1.35907e+09	2.48284e+08	3455174427
48 90 80 90	2.2816e+07	3.61521e+07	2.92569e+06	539193	6.34818e+08	1.6606e+09	2.78439e+08	3658044085
48 90 80 100	2.50967e+07	39975723	3.10737e+06	585034	5.96634e+08	1.93249e+09	3.08391e+08	4254907100
48 90 80 110	2.74014e+07	4.37573e+07	3.31392e+06	642251	6.15321e+08	2.27143e+09	3.38452e+08	4712647438
48 90 80 120	2.98229e+07	4.75863e+07	3.6483e+06	700288	7.16131e+08	2.48407e+09	3.68581e+08	4681954841
48 90 90 80	2.27954e+07	3.63199e+07	2.94659e+06	549692	5.61661e+08	1.5559e+09	2.78509e+08	3889803636
48 90 90 90	2.53075e+07	4.05735e+07	3.12056e+06	605972	6.04668e+08	1.94322e+09	3.12339e+08	4006300430
48 90 90 100	2.79741e+07	4.48502e+07	3.37064e+06	654955	6.14998e+08	2.25625e+09	3.4594e+08	4478919030
48 90 90 110	3.05281e+07	4.91231e+07	3.56823e+06	720318	694109961	2.60281e+09	3.79665e+08	5055825114
48 90 90 120	3.31983e+07	5.33281e+07	3.85004e+06	764106	7.14564e+08	3.01043e+09	4.13466e+08	5553583004
48 90 100 80	2.51829e+07	4.02001e+07	3.13368e+06	589007	6.48424e+08	1.90852e+09	3.08443e+08	3999306037
48 90 100 90	2.81037e+07	4.49737e+07	3.39954e+06	647032	6.17029e+08	2.26634e+09	3.45913e+08	4459901759
48 90 100 100	3.0879e+07	4.96464e+07	3.5715e+06	715968	6.32978e+08	2.68733e+09	3.83383e+08	4878789021
48 90 100 110	3.38376e+07	5.44121e+07	3.84646e+06	787154	7.53441e+08	3.10387e+09	4.20761e+08	5654674374
48 90 100 120	3.68581e+07	5.90947e+07	4.20277e+06	851130	8.14689e+08	3.44528e+09	4.58223e+08	5962580033
48 90 110 80	2.73431e+07	43976072	3.2911e+06	640109	5.77573e+08	2.2799e+09	3.38487e+08	4385114388
48 90 110 90	3.05129e+07	4.91409e+07	3533492	707904	6.60991e+08	2.6721e+09	3.7961e+08	5218819611
48 90 110 100	3.38659e+07	5.43744e+07	3.93676e+06	773267	6.9586e+08	3.14088e+09	4.20734e+08	5727782300
48 90 110 110	3.6854e+07	5.95136e+07	4.08363e+06	849734	7.50988e+08	3.51109e+09	4.61857e+08	6064504191
48 90 110 120	3.99593e+07	6.45526e+07	4.28803e+06	922633	8.31882e+08	4.00004e+09	5.02981e+08	6705742950
48 90 120 80	2.9684e+07	4.78528e+07	3.48482e+06	689832	6.4157e+08	2.56052e+09	3.68686e+08	4871080581
48 90 120 90	3.30744e+07	5.33908e+07	3.76192e+06	760782	6.8783e+08	3.06723e+09	4.13481e+08	5370538932
48 90 120 100	3.65319e+07	5.90064e+07	4.06789e+06	838135	7.29274e+08	3.61358e+09	4.58275e+08	6242984628
48 90 120 110	4.00387e+07	6.45246e+07	4.36465e+06	914178	7.78957e+08	3.95159e+09	5.0307e+08	6812909285
48 90 120 120	4.41868e+07	7.0267e+07	5.17431e+06	1.00204e+06	7.99803e+08	4.5634e+09	5.47865e+08	7440065032
48 100 80 80	2.26724e+07	3.59259e+07	2.93262e+06	524671	5.81467e+08	1.57667e+09	2.75128e+08	3365886693
48 100 80 90	2.51985e+07	4.01292e+07	3.13542e+06	573998	6.33694e+08	1.90897e+09	3.08546e+08	4134074277
48 100 80 100	2.78191e+07	4.44183e+07	3.38219e+06	633385	6.3823e+08	2.25367e+09	3.41965e+08	4656996211
48 100 80 110	3.02897e+07	4.85838e+07	3.54403e+06	695351	7.39469e+08	2.5168e+09	3.75302e+08	5062714101
48 100 80 120	3.29677e+07	5.29308e+07	3.84791e+06	750295	7.71595e+08	2.76751e+09	4.08713e+08	5327718724
48 100 90 80	2.52957e+07	4.02605e+07	3.16707e+06	574779	6.21158e+08	1.90583e+09	3.08616e+08	4086367843
48 100 90 90	2.81928e+07	4.49925e+07	3.41108e+06	641943	6.44548e+08	2.29909e+09	3.46106e+08	4647600890
48 100 90 100	3.10722e+07	4.96824e+07	3.63328e+06	695399	6.58599e+08	2.68778e+09	3.83597e+08	5192702065
48 100 90 110	3.38592e+07	5.4404e+07	3.85682e+06	774860	7.83562e+08	3.08639e+09	4.20994e+08	5445035591
48 100 90 120	3.70013e+07	5.91044e+07	4.26257e+06	828043	7.35771e+08	3.47522e+09	4.58476e+08	6065602515
48 100 100 80	2.77315e+07	4.4541e+07	3.31503e+06	633605	6.38368e+08	2.25784e+09	3.42018e+08	4529217152
48 100 100 90	3.10172e+07	4.97334e+07	3.68839e+06	704886	6.89806e+08	2.62841e+09	3.83569e+08	5161923691
48 100 100 100	3.41644e+07	5.50293e+07	3.88436e+06	767254	7.27367e+08	2.84986e+09	4.25121e+08	5642698096
48 100 100 110	3.73387e+07	6.01629e+07	4.14393e+06	838014	7.34366e+08	3.51642e+09	4.66571e+08	6135953906
48 100 100 120	4.05004e+07	6.51738e+07	4.35554e+06	916611	7.67212e+08	4.03216e+09	5.08113e+08	6859425006
48 100 110 80	3.03996e+07	4.88558e+07	3.54609e+06	680952	7.04768e+08	2.55715e+09	3.75337e+08	5120947389
48 100 110 90	3.39275e+07	5.45622e+07	3.81164e+06	742985	712667664	3.05449e+09	4.2094e+08	5432517324
48 100 110 100	3.7501e+07	6.02527e+07	4.18212e+06	844882	8.24774e+08	3.48903e+09	4.66543e+08	6019083454
48 100 110 110	4.09523e+07	6.58656e+07	4.38481e+06	907189	8.29978e+08	4.07833e+09	5.12147e+08	6761805514
48 100 110 120	4.46473e+07	7.1633e+07	4.76296e+06	986032	8.26735e+08	4.62893e+09	5.5775e+08	7625577820
48 100 120 80	3.35415e+07	5.32293e+07	4.07146e+06	761362	7.4261e+08	2.94231e+09	4.08817e+08	5348009269
48 100 120 90	3.73172e+07	5.94647e+07	4.25903e+06	828934	7.74338e+08	3.48957e+09	4.58491e+08	6088657408
48 100 120 100	4.11378e+07	6.55789e+07	4.53612e+06	893523	7.93109e+08	4.01433e+09	5.08165e+08	7293801899
48 100 120 110	4.51048e+07	7.17724e+07	4.87963e+06	984967	8.12191e+08	4.56892e+09	5.5784e+08	7367304912
48 100 120 120	4.91513e+07	7.80369e+07	5.30757e+06	1.07736e+06	8.72891e+08	5.1586e+09	6.07514e+08	8043085206
48 110 80 80	2.48537e+07	3.93742e+07	3.08934e+06	564828	6.55103e+08	1.82274e+09	3.0207e+08	3824773375
48 110 80 90	2.77263e+07	4.40503e+07	3.37922e+06	619400	6.6618e+08	2.18059e+09	3.38764e+08	4368064310
48 110 80 100	3.0525e+07	48695677	3.57225e+06	689486	7.32475e+08	2.51385e+09	3.75457e+08	4966574912
48 110 80 110	3.34622e+07	5.33869e+07	3.87301e+06	738625	7.23119e+08	2.86801e+09	4.12151e+08	5588598758
48 110 80 120	36385827	5.79429e+07	4.13841e+06	788890	7.24138e+08	3.26951e+09	4.48844e+08	5861583156
48 110 90 80	2.75829e+07	4.40328e+07	3.3301e+06	614196	6.36201e+08	2.16123e+09	3.38833e+08	4514345664
48 110 90 90	3.07665e+07	4.92479e+07	3.58284e+06	688324	7.01894e+08	2.62569e+09	3.79997e+08	4887772038
48 110 90 100	34072211	5.44936e+07	4.00644e+06	765552	7.30115e+08	2.90036e+09	4.2116e+08	5557964369
48 110 90 110	3.70985e+07	5.95719e+07	4.11255e+06	815471	7.94944e+08	3.36339e+09	4.62324e+08	5979507931
48 110 90 120	4.04797e+07	6.47051e+07	4.51982e+06	887564	7.70327e+08	3.77866e+09	5.03487e+08	6700661974
48 110 100 80	3.05416e+07	4.88633e+07	3.57296e+06	671756	7.05124e+08	2.50627e+09	3.7551e+08	4744248589
48 110 100 90	3.41425e+07	5.45627e+07	3.91888e+06	748131	7.76725e+08	2.91793e+09	4.21133e+08	5391433295
48 110 100 100	3.76496e+07	60266175	4.20662e+06	814370	7.68773e+08	3.48476e+09	4.66756e+08	6397048875
48 110 100 110	4.13143e+07	6.58881e+07	4.53962e+06	896575	8.122e+08	4.03373e+09	5.1238e+08	7053133257
48 110 100 120	4.49699e+07	7.16636e+07	4.87194e+06	962464	8.53058e+08	4.5003e+09	5.58003e+08	7465922118
48 110 110 80	3.38637e+07	5.37943e+07	3.93068e+06	733428	7.7859e+08	2.93021e+09	4.12186e+08	5210244994
48 110 110 90	3.76882e+07	6.00098e+07	4.13942e+06	806827	7.52292e+08	3.49157e+09	4.6227e+08	5899640551
48 110 110 100	4.19286e+07	6.62827e+07	4.71763e+06	897818	8.06334e+08	3.88287e+09	5.12353e+08	6709355654
48 110 110 110	4.55658e+07	7.24148e+07	4.79724e+06	974892	8.9062e+08	4.60297e+09	5.62436e+08	7315870142
48 110 110 120	4.96674e+07	7.87143e+07	5.19109e+06	1.06261e+06	9.79282e+08	5.1138e+09	6.1252e+08	8131742449
48 110 120 80	3.64694e+07	5.80567e+07	4.23507e+06	782495	7.60297e+08	3.29071e+09	4.48949e+08	5974024286
48 110 120 90	4.05406e+07	6.4979e+07	4.38831e+06	872869	7.92458e+08	3.93463e+09	5.03503e+08	6872479865
48 110 120 100	4.48522e+07	7.16577e+07	4.86706e+06	978993	9.20356e+08	4.50554e+09	5.58056e+08	7358956228
48 110 120 110	4.88866e+07	7.82589e+07	5.05793e+06	1.05533e+06	9.23773e+08	5.22502e+09	6.12609e+08	8254034081
48 110 120 120	5.33521e+07	8.53459e+07	5.52667e+06	1.16422e+06	9.26575e+08	5.84608e+09	6.67162e+08	9022644985
48 120 80 80	2.70876e+07	4.28722e+07	3.35106e+06	595675	6.88016e+08	2.03606e+09	3.29073e+08	4218885480
48 120 80 90	3.02305e+07	4.79791e+07	3.69951e+06	666336	6.92164e+08	2.4138e+09	3.69049e+08	4979395037
48 120 80 100	3.32582e+07	5.30685e+07	3.8519e+06	727637	7.8584e+08	2.78471e+09	4.09025e+08	5262502736
48 120 80 110	3.663e+07	5.80173e+07	4.29058e+06	775990	7.86951e+08	3.21826e+09	4.49e+08	5686331948
48 120 80 120	3.93776e+07	6.2789e+07	4.35011e+06	849759	8.57031e+08	3.66693e+09	4.88976e+08	6260698831
48 120 90 80	3.01259e+07	4.80565e+07	3.58051e+06	657829	7.02956e+08	2.43721e+09	3.69118e+08	4694323032
48 120 90 90	3.36022e+07	5.36651e+07	3.87856e+06	724545	7.26517e+08	2.9125e+09	4.13963e+08	5333449952
48 120 90 100	3.70997e+07	5.93596e+07	4.16061e+06	797050	8.19118e+08	3.33613e+09	4.58808e+08	6114721796
48 120 90 110	4.06128e+07	6.47934e+07	4.45305e+06	861432	8.01011e+08	3.80269e+09	5.03653e+08	6723967932
48 120 90 120	4.41944e+07	7.04044e+07	4.77177e+06	927369	8.71755e+08	4.35961e+09	5.48498e+08	7201022468
48 120 100 80	3.3763e+07	5.33551e+07	3.96173e+06	724782	7.08485e+08	2.80286e+09	4.09077e+08	5283433558
48 120 100 90	3.76344e+07	5.95757e+07	4.25078e+06	794220	7.80559e+08	3.36925e+09	4.58781e+08	5985536189
48 120 100 100	4.54038e+07	6.64241e+07	7.46961e+06	884512	8.86797e+08	3.89336e+09	5.08485e+08	6781892479
48 120 100 110	4.55723e+07	7.19372e+07	4.90999e+06	951076	8.94362e+08	4.46917e+09	5.58189e+08	7338286529
48 120 100 120	4.96523e+07	7.82685e+07	5.40785e+06	1.05707e+06	1.00022e+09	4.92708e+09	6.07894e+08	8128292202
48 120 110 80	3.64271e+07	5.82194e+07	4.12627e+06	770131	8.54403e+08	3.23645e+09	4.49035e+08	5854734400
48 120 110 90	4.05303e+07	6.489e+07	4.35607e+06	847610	8.13298e+08	3.90953e+09	5.03599e+08	6597603138
48 120 110 100	4.48705e+07	7.17919e+07	4.73767e+06	946015	888970771	4.40756e+09	5.58162e+08	7555939214
48 120 110 110	4.93177e+07	7.86276e+07	5.2962e+06	1.03912e+06	9.74306e+08	5.08732e+09	6.12726e+08	8317898960
48 120 110 120	5.35437e+07	8.54976e+07	5.59241e+06	1.13284e+06	1.00979e+09	5.60439e+09	6.67289e+08	8971654172
48 120 120 80	3.94893e+07	6.31459e+07	4.3908e+06	840774	8.46085e+08	3.61991e+09	4.89081e+08	6331982845
48 120 120 90	4.40031e+07	7.04418e+07	4.67974e+06	935425	8.83548e+08	4.34686e+09	5.48513e+08	7298004950
48 120 120 100	4.86566e+07	7.78598e+07	5.07847e+06	1.0294e+06	9.39565e+08	5.05714e+09	6.07946e+08	8131826932
48 120 120 110	53315925	8.52362e+07	5.47852e+06	1.14375e+06	9.51124e+08	5.76514e+09	6.67379e+08	8982836620
48 120 120 120	5.80703e+07	9.26422e+07	5.95082e+06	1.2331e+06	1.0517e+09	6.4247e+09	7.26811e+08	9974326590
